10 12
21 21
22 2
37 1
44 46
46 6
59 44
63 5
71 9
75 16
83 6
91 1
97 3
130 2
141 8
153 14
166 3
172 1
182 2
191 3
193 14
204 14
205 38
221 7
222 4
233 5
240 4
244 18
246 11
254 4
278 3
288 4
294 25
295 10
298 13
303 7
330 10
337 24
338 4
351 13
366 4
375 24
394 1
404 3
414 5
424 19
428 15
437 1
457 4
463 20
479 21
480 9
483 2
493 12
510 1
515 2
521 6
530 4
547 4
552 1
555 18
558 11
563 5
570 15
578 19
580 2
589 16
654 1
670 18
678 6
681 6
725 2
726 7
736 8
741 4
744 1
750 2
762 18
768 1
804 8
816 4
825 28
857 6
858 24
876 25
879 13
898 1
907 18
917 19
925 14
935 3
937 5
942 14
962 6
970 7
977 2
995 8
1011 18
1031 8
1033 6
1035 12
1058 3
1083 5
1085 21
1086 8
1094 17
1096 16
1108 10
1109 22
1114 2
1116 11
1120 2
1131 5
1138 43
1142 26
1146 2
1151 10
1164 18
1165 3
1175 25
1177 7
1180 22
1182 13
1183 24
1206 1
1216 11
1225 19
1234 2
1236 4
1251 7
1257 13
1259 3
1260 10
1266 7
1283 4
1312 1
1325 36
1329 23
1336 9
1349 8
1351 7
1356 1
1359 6
1367 3
1369 1
1396 3
1410 3
1421 1
1439 28
1444 10
1454 1
1478 9
1499 44
1500 6
1504 6
1517 4
1524 1
1525 2
1549 19
1553 14
1571 14
1586 23
1597 7
1616 33
1617 4
1621 4
1629 14
1631 2
1632 15
1636 1
1648 15
1650 7
1654 16
1685 12
1691 7
1693 6
1695 14
1706 18
1711 2
1718 2
1721 9
1722 13
1724 16
1735 1
1747 1
1755 45
1761 13
1777 28
1779 1
1799 11
1803 20
1804 14
1827 15
1857 18
1861 18
1863 5
1864 19
1865 23
1882 2
1888 44
1894 5
1895 18
1899 16
1900 5
1906 7
1913 22
1926 15
1928 6
1930 24
1944 10
1956 1
1975 17
1983 2
1991 11
2017 11
2024 2
2026 11
2039 17
2041 5
2050 11
2052 12
2076 1
2099 6
2108 5
2113 1
2120 13
2127 11
2130 30
2157 7
2173 11
2178 7
2180 25
2185 7
2196 10
2200 12
2243 1
2256 6
2271 5
2274 5
2298 6
2301 4
2302 13
2311 3
2322 7
2374 1
2385 21
2393 53
2411 3
2413 4
2418 26
2421 11
2424 17
2437 2
2447 18
2450 9
2451 6
2456 1
2461 5
2470 11
2480 7
2502 9
2508 7
2555 4
2562 1
2564 24
2577 13
2584 4
2596 3
2603 22
2619 2
2631 19
2644 25
2648 13
2655 11
2678 3
2697 19
2703 27
2714 35
2715 1
2719 19
2720 4
2729 15
2742 1
2755 2
2772 16
2773 12
2780 25
2790 11
2804 15
2814 14
2827 9
2853 2
2855 16
2863 4
2868 17
2876 19
2897 6
2902 33
2904 2
2907 13
2908 10
2913 3
2919 34
2939 7
2953 1
2954 9
2959 34
2998 1
3015 6
3020 18
3021 44
3023 13
3033 27
3036 1
3038 35
3058 7
3066 3
3073 9
3079 4
3080 1
3116 3
3119 4
3125 5
3127 41
3131 2
3151 5
3152 3
3163 4
3177 5
3179 8
3181 15
3201 1
3211 6
3216 3
3234 13
3248 2
3253 5
3286 38
3288 22
3294 3
3308 5
3318 21
3329 13
3333 17
3345 14
3348 19
3349 9
3368 5
3398 27
3424 3
3442 11
3455 6
3482 6
3489 3
3494 12
3498 11
3523 13
3533 10
3542 1
3554 33
3559 15
3571 8
3581 13
3589 10
3614 31
3627 12
3641 38
3642 6
3650 4
3663 19
3670 3
3679 10
3692 3
3715 7
3719 27
3725 5
3726 34
3740 6
3748 17
3751 5
3753 6
3758 16
3762 10
3767 2
3771 13
3774 5
3784 10
3785 12
3802 11
3811 1
3812 17
3813 2
3818 42
3830 8
3844 18
3846 1
3864 5
3865 6
3870 1
3882 4
3886 2
3894 9
3908 5
3919 8
3928 2
3932 5
3941 7
3943 10
3948 13
3950 10
3956 5
3983 6
3992 13
3999 4
4002 5
4016 3
4047 2
4048 23
4053 5
4055 24
4077 14
4081 3
4086 3
4092 10
4093 7
4100 1
4120 20
4151 13
4154 10
4168 24
4171 5
4175 6
4181 6
4206 25
4251 12
4279 4
4282 10
4309 3
4321 4
4322 21
4327 4
4334 2
4337 18
4363 10
4372 14
4378 19
4402 1
4411 1
4436 30
4441 12
4443 11
4451 10
4470 5
4483 1
4517 5
4520 5
4544 21
4551 3
4575 5
4609 26
4612 23
4616 22
4617 8
4618 26
4633 12
4635 2
4636 18
4683 3
4693 22
4696 19
4722 10
4734 12
4735 4
4738 7
4749 12
4750 10
4780 23
4806 1
4807 2
4815 2
4831 2
4832 39
4835 3
4848 1
4861 9
4887 6
4900 5
4904 9
4906 3
4908 1
4924 8
4944 7
4945 3
4950 11
4952 21
4974 3
4981 19
5017 12
5042 8
5049 24
5053 17
5067 15
5068 9
5072 5
5075 11
5081 23
5091 7
5094 5
5096 6
5113 8
5125 2
5141 5
5143 29
5151 6
5171 6
5174 7
5184 1
5199 15
5217 3
5222 9
5226 1
5233 14
5238 2
5242 8
5263 37
5265 18
5273 3
5287 4
5293 7
5294 3
5299 3
5307 3
5330 14
5363 10
5383 48
5396 9
5410 18
5419 24
5420 19
5426 16
5436 2
5459 31
5474 10
5485 3
5499 29
5516 7
5522 2
5527 5
5544 3
5545 7
5547 7
5548 27
5561 3
5588 11
5594 7
5607 3
5612 9
5627 4
5647 15
5655 7
5668 4
5675 3
5682 17
5709 3
5726 10
5738 9
5743 8
5750 19
5761 8
5764 1
5779 4
5794 2
5798 7
5799 10
5824 5
5847 7
5870 1
5873 10
5885 2
5899 1
5911 10
5931 22
5936 14
5942 24
5945 6
5973 19
5994 8
5996 17
5999 13
6005 2
6024 10
6040 1
6055 11
6061 8
6086 4
6131 4
6143 16
6166 7
6167 7
6178 7
6211 7
6213 7
6214 44
6218 4
6225 9
6233 1
6234 2
6282 10
6308 3
6318 1
6331 19
6332 1
6349 1
6369 2
6410 6
6427 11
6428 1
6437 3
6441 29
6448 5
6450 8
6454 4
6456 41
6464 4
6471 22
6472 4
6501 3
6504 9
6505 6
6510 9
6530 12
6533 10
6535 15
6541 8
6550 5
6565 28
6568 8
6585 2
6587 6
6602 1
6610 10
6618 9
6628 2
6657 9
6660 6
6678 3
6680 6
6693 8
6694 3
6697 3
6699 6
6714 1
6722 23
6740 20
6746 9
6752 1
6785 11
6787 11
6794 2
6805 46
6844 7
6853 23
6854 6
6856 4
6857 1
6864 11
6865 6
6880 1
6894 14
6922 19
6934 4
6938 9
6958 6
6968 24
6986 10
6996 3
7003 25
7015 6
7036 28
7041 16
7053 20
7080 18
7097 16
7100 5
7113 1
7121 7
7131 3
7147 24
7153 18
7155 12
7175 12
7176 18
7180 3
7225 24
7244 7
7245 5
7247 14
7248 7
7258 5
7266 19
7309 4
7321 2
7327 21
7334 6
7354 22
7365 17
7366 26
7368 31
7377 6
7378 12
7380 2
7382 3
7384 1
7399 4
7410 2
7419 8
7425 10
7446 3
7447 3
7451 15
7460 1
7466 9
7473 21
7478 7
7483 6
7493 4
7495 2
7500 26
7504 2
7527 18
7547 9
7555 5
7585 22
7609 9
7617 4
7619 2
7634 14
7635 20
7648 11
7654 1
7666 6
7667 2
7669 19
7674 7
7681 2
7687 9
7714 3
7718 7
7720 2
7725 7
7734 8
7737 6
7739 11
7754 7
7767 2
7775 6
7781 3
7783 6
7784 21
7786 15
7788 11
7793 4
7805 1
7839 10
7856 10
7860 11
7864 4
7869 5
7873 2
7897 7
7899 9
7930 8
7962 8
7964 3
7965 18
7972 9
7990 8
7991 9
8026 12
8034 1
8046 18
8050 3
8054 6
8063 4
8064 1
8070 23
8105 2
8109 14
8124 8
8130 10
8132 1
8143 17
8193 9
8214 1
8218 5
8257 46
8259 18
8261 7
8265 2
8266 2
8272 12
8289 4
8292 1
8296 12
8299 7
8305 7
8315 3
8321 17
8324 6
8337 5
8349 7
8361 8
8383 6
8386 5
8389 7
8391 28
8403 11
8438 4
8446 7
8447 1
8448 2
8454 4
8462 1
8467 43
8480 4
8485 5
8491 13
8495 36
8500 50
8507 3
8522 2
8527 4
8545 11
8554 8
8591 39
8650 9
8659 9
8663 1
8677 8
8682 7
8694 13
8702 19
8709 1
8724 1
8735 15
8747 9
8753 18
8754 15
8757 7
8777 5
8784 38
8786 5
8787 21
8792 17
8798 3
8803 5
8813 5
8818 17
8825 9
8837 3
8841 8
8881 1
8892 7
8895 5
8896 9
8909 4
8912 7
8914 3
8922 6
8928 2
8952 19
8966 2
8973 26
8983 19
8995 33
9000 15
9013 13
9040 3
9050 18
9087 5
9106 3
9121 20
9126 9
9146 16
9206 11
9209 4
9212 10
9219 4
9225 12
9226 18
9229 1
9231 10
9238 18
9241 1
9242 12
9245 23
9260 4
9261 7
9264 21
9266 4
9285 47
9287 1
9307 14
9308 1
9317 7
9319 11
9320 7
9352 2
9353 4
9358 29
9361 5
9366 26
9370 6
9398 10
9416 2
9437 34
9439 13
9447 11
9469 4
9487 12
9492 2
9502 3
9503 13
9505 31
9515 8
9527 26
9533 17
9543 22
9564 7
9567 6
9576 2
9598 2
9613 1
9642 1
9676 2
9686 19
9688 4
9704 7
9715 3
9722 2
9724 12
9737 14
9741 7
9746 5
9773 10
9775 6
9783 9
9802 16
9842 12
9853 1
9860 11
9862 6
9863 5
9865 2
9868 28
9881 31
9884 2
9896 23
9897 5
9907 9
9908 2
9914 12
9917 34
9925 29
9941 3
9943 13
9956 1
9957 7
9958 12
9984 3
9989 1
10007 3
10021 2
10040 3
10066 20
10072 5
10073 1
10082 17
10085 9
10090 2
10107 4
10110 18
10131 17
10133 2
10139 36
10141 1
10142 6
10151 18
10155 15
10162 3
10182 28
10184 1
10192 21
10196 24
10199 23
10201 1
10217 7
10241 18
10247 51
10272 6
10298 23
10305 20
10309 6
10316 1
10337 39
10350 14
10368 34
10373 2
10376 17
10378 5
10420 26
10422 7
10433 12
10448 3
10453 7
10456 16
10458 4
10473 5
10474 26
10495 1
10496 16
10508 8
10528 2
10536 3
10551 13
10553 34
10562 5
10563 11
10571 17
10573 6
10579 18
10582 14
10583 9
10588 28
10609 3
10610 5
10626 41
10627 6
10635 2
10637 12
10670 6
10677 4
10681 8
10684 18
10696 37
10703 8
10740 5
10741 44
10744 2
10754 2
10756 2
10758 23
10778 5
10785 19
10794 2
10811 13
10817 2
10820 23
10844 8
10854 1
10866 5
10879 16
10888 1
10890 8
10908 62
10909 25
10924 3
10951 10
10958 5
10962 2
10965 1
10966 7
10974 9
10987 7
10990 19
10993 6
10994 22
11016 8
11028 10
11033 2
11042 7
11054 4
11064 4
11080 2
11088 30
11095 14
11126 21
11156 1
11161 35
11183 37
11195 2
11201 9
11205 4
11237 17
11241 61
11243 1
11244 13
11254 6
11259 8
11268 9
11269 14
11284 16
11286 24
11291 7
11372 7
11388 2
11389 1
11412 9
11413 9
11417 12
11426 3
11449 4
11456 35
11463 8
11479 2
11485 1
11489 13
11496 14
11508 29
11511 16
11521 5
11532 7
11554 17
11555 27
11558 25
11561 2
11562 14
11563 1
11576 11
11584 4
11611 2
11614 1
11615 23
11632 9
11636 3
11647 5
11648 1
11649 6
11668 10
11673 10
11687 1
11689 8
11694 2
11699 15
11726 14
11732 20
11759 1
11765 2
11779 4
11788 5
11791 11
11799 6
11804 11
11806 6
11825 9
11835 13
11843 8
11867 10
11887 9
11888 28
11896 37
11905 2
11912 1
11921 5
11925 1
11942 23
11947 3
11958 5
11973 6
11984 3
11995 2
12004 6
12018 1
12022 11
12033 17
12077 39
12081 1
12085 12
12086 5
12088 29
12093 2
12108 27
12133 7
12141 4
12147 2
12159 11
12177 1
12178 2
12189 10
12216 9
12228 19
12259 10
12277 7
12287 4
12291 1
12324 13
12333 10
12334 23
12337 39
12347 9
12359 13
12360 17
12361 1
12378 44
12380 3
12397 20
12405 19
12417 2
12451 8
12459 2
12468 21
12474 5
12481 13
12492 3
12500 20
12507 12
12536 11
12541 2
12543 2
12550 8
12554 30
12556 6
12565 7
12593 18
12599 3
12614 9
12617 25
12620 2
12632 13
12647 3
12654 1
12656 4
12664 4
12676 5
12708 1
12726 1
12734 3
12756 18
12764 2
12770 1
12777 17
12796 53
12814 3
12821 9
12829 8
12838 12
12862 10
12889 3
12890 2
12891 1
12897 4
12902 1
12910 13
12921 4
12936 9
12957 5
12958 4
12959 4
12961 7
12996 15
13005 28
13011 13
13046 8
13055 10
13061 31
13063 2
13078 13
13080 7
13104 9
13136 3
13157 11
13168 10
13219 4
13220 6
13255 7
13256 6
13270 5
13273 2
13280 12
13284 10
13288 1
13292 3
13303 30
13310 6
13315 10
13333 1
13351 9
13354 39
13367 8
13382 3
13390 5
13395 5
13414 5
13423 30
13427 15
13454 7
13467 17
13468 12
13470 2
13473 24
13492 1
13503 10
13518 23
13522 38
13540 24
13547 10
13548 12
13557 19
13567 29
13568 10
13574 14
13575 15
13581 20
13599 9
13602 3
13605 10
13615 2
13616 7
13617 23
13626 9
13643 10
13646 12
13652 18
13657 25
13668 9
13698 34
13700 2
13739 5
13755 12
13765 17
13766 1
13793 70
13801 12
13805 3
13812 11
13825 1
13830 4
13847 42
13853 5
13870 3
13884 3
13898 7
13924 4
13925 25
13954 2
13965 6
13978 1
13980 3
13995 19
14000 15
14047 18
14048 4
14065 4
14077 9
14101 1
14102 4
14113 6
14127 4
14132 13
14139 16
14167 4
14168 2
14194 14
14208 16
14225 9
14233 11
14239 4
14251 6
14258 8
14260 1
14263 2
14264 11
14278 4
14280 11
14281 6
14284 41
14291 18
14292 10
14307 7
14311 1
14317 3
14325 28
14355 1
14368 10
14410 2
14414 15
14418 1
14419 16
14429 12
14433 3
14434 15
14442 4
14444 5
14469 4
14472 11
14473 2
14476 13
14488 8
14501 6
14505 2
14508 1
14510 10
14548 2
14550 2
14555 5
14560 23
14576 1
14621 11
14631 2
14632 2
14637 8
14644 28
14660 5
14664 7
14668 3
14671 35
14681 5
14692 10
14706 28
14709 1
14716 16
14727 29
14732 5
14798 3
14806 12
14850 14
14869 3
14888 10
14902 2
14907 1
14910 3
14914 8
14927 11
14930 4
14932 15
14943 23
14964 18
14966 3
14968 9
14978 11
14997 8
14999 5
15006 8
15010 12
15011 1
15021 10
15040 42
15076 2
15087 12
15096 22
15115 1
15116 2
15122 7
15131 4
15132 1
15139 46
15149 1
15153 3
15161 9
15164 1
15171 1
15181 44
15189 1
15195 14
15221 6
15224 1
15228 6
15231 7
15253 4
15257 20
15261 7
15268 29
15270 3
15273 8
15278 6
15286 17
15294 36
15310 10
15334 3
15336 9
15338 17
15348 7
15349 22
15350 24
15351 13
15358 5
15381 10
15387 15
15393 6
15403 1
15412 3
15424 6
15433 5
15440 3
15441 13
15451 8
15452 2
15488 12
15500 21
15518 5
15525 12
15527 6
15541 11
15546 6
15547 1
15550 5
15561 8
15577 1
15578 16
15583 10
15586 3
15596 2
15598 11
15629 5
15633 23
15639 2
15652 4
15676 1
15688 17
15709 2
15721 10
15734 2
15741 2
15759 27
15762 1
15765 17
15813 4
15816 7
15831 18
15836 11
15839 21
15872 8
15890 3
15912 21
15927 3
15932 2
15938 17
15948 10
15951 3
15958 1
15965 5
15971 11
15977 11
15982 19
15991 3
15993 4
15999 3
16018 8
16024 19
16031 4
16053 37
16061 1
16111 8
16116 3
16118 1
16120 15
16122 7
16143 32
16151 12
16157 12
16168 4
16171 20
16187 9
16196 3
16200 14
16212 7
16218 19
16222 1
16228 7
16240 30
16244 18
16252 16
16260 5
16289 69
16301 7
16311 29
16317 1
16325 26
16336 14
16337 1
16356 15
16359 5
16376 7
16383 1
16389 8
16401 29
16409 4
16410 11
16440 10
16473 25
16478 4
16480 7
16495 47
16504 28
16506 3
16509 2
16515 19
16550 11
16552 3
16573 9
16578 10
16583 19
16594 1
16632 9
16633 35
16646 3
16664 2
16670 2
16671 3
16686 19
16689 12
16697 24
16703 6
16706 3
16713 14
16719 34
16720 4
16727 3
16734 1
16758 3
16764 4
16768 10
16780 14
16782 9
16799 10
16808 4
16809 4
16814 3
16817 18
16820 4
16830 9
16837 5
16838 4
16845 2
16862 17
16870 22
16884 4
16900 3
16902 18
16903 1
16913 11
16914 15
16924 6
16938 6
16942 8
16943 5
16944 1
16973 25
16975 1
16983 10
16989 13
16990 22
16996 30
17017 22
17020 1
17031 10
17040 8
17041 5
17047 2
17093 10
17104 1
17108 5
17117 38
17124 15
17131 5
17133 16
17158 32
17159 6
17161 33
17175 11
17179 19
17210 2
17214 1
17229 14
17233 27
17235 4
17237 12
17242 8
17247 5
17260 23
17261 8
17265 13
17296 10
17316 9
17321 5
17328 5
17333 11
17343 14
17352 3
17356 5
17357 11
17365 2
17377 29
17395 16
17398 19
17406 14
17409 9
17416 16
17417 11
17428 5
17430 6
17460 1
17463 22
17466 8
17494 6
17495 1
17520 12
17530 9
17545 4
17555 28
17556 4
17558 7
17561 3
17566 14
17567 14
17580 11
17581 18
17591 1
17599 4
17618 8
17636 5
17649 5
17654 15
17659 6
17666 8
17670 1
17671 17
17676 5
17681 8
17682 25
17683 16
17699 50
17700 14
17708 3
17709 3
17722 7
17723 2
17745 1
17755 3
17771 9
17776 1
17779 4
17791 2
17794 5
17800 10
17820 15
17829 25
17832 4
17845 1
17850 3
17854 40
17867 36
17871 11
17902 1
17908 3
17916 29
17919 7
17928 5
17935 13
17947 23
17965 14
17974 5
17978 9
17981 3
17996 21
18003 6
18030 9
18045 2
18050 9
18057 2
18060 4
18066 3
18072 1
18096 10
18113 5
18126 14
18127 34
18128 1
18134 1
18135 1
18141 11
18158 3
18167 9
18197 11
18199 3
18219 8
18224 4
18225 21
18226 4
18229 31
18232 19
18259 5
18279 11
18285 2
18298 8
18299 11
18317 6
18335 6
18340 19
18348 7
18350 2
18351 4
18352 5
18361 1
18387 4
18414 1
18417 5
18437 29
18450 52
18466 3
18467 3
18497 7
18504 2
18515 1
18517 2
18522 15
18541 15
18564 22
18609 8
18625 2
18651 2
18658 1
18668 6
18675 6
18679 4
18693 25
18713 1
18718 34
18719 4
18723 2
18752 11
18770 4
18783 2
18801 20
18806 5
18807 15
18808 11
18814 35
18832 6
18833 6
18842 9
18849 11
18852 2
18863 42
18902 2
18929 8
18930 8
18938 23
18940 17
18949 12
18951 1
18961 24
18973 9
18978 7
18990 40
18991 13
18993 1
19017 14
19029 21
19055 2
19077 3
19089 2
19130 7
19151 9
19157 4
19164 2
19171 16
19174 1
19187 19
19199 28
19212 3
19225 6
19226 1
19239 6
19241 18
19242 4
19245 24
19256 25
19263 14
19274 4
19302 6
19304 7
19308 15
19311 2
19324 7
19326 1
19330 17
19333 7
19336 15
19341 3
19346 1
19349 10
19360 22
19364 1
19374 32
19394 4
19397 28
19402 13
19422 11
19435 9
19438 32
19450 2
19463 3
19472 19
19473 2
19477 48
19488 30
19496 15
19497 5
19505 2
19521 7
19522 16
19523 18
19525 13
19536 1
19540 10
19567 21
19568 5
19587 8
19591 18
19613 8
19626 6
19632 10
19636 9
19642 4
19662 22
19677 3
19679 3
19699 4
19712 3
19723 3
19729 9
19739 4
19751 10
19754 16
19814 23
19824 21
19832 35
19834 3
19845 1
19851 20
19864 8
19879 3
19894 11
19910 6
19933 17
19939 8
19943 5
19947 13
19968 1
20045 2
20051 11
20065 1
20073 15
20078 8
20082 11
20088 4
20110 6
20117 5
20119 9
20135 1
20137 6
20147 3
20161 8
20162 30
20185 6
20194 31
20213 2
20233 6
20259 11
20260 12
20274 23
20276 11
20280 6
20283 32
20288 5
20293 27
20294 9
20297 5
20298 1
20319 44
20320 18
20334 7
20336 1
20371 25
20376 1
20414 18
20416 10
20424 4
20433 14
20447 19
20465 7
20480 19
20489 26
20496 14
20507 15
20518 5
20527 2
20540 2
20543 14
20561 13
20566 8
20570 24
20593 3
20631 1
20640 9
20647 10
20668 6
20671 18
20683 3
20686 3
20739 9
20742 11
20753 31
20754 7
20756 17
20757 12
20758 1
20777 22
20799 1
20822 1
20828 4
20833 10
20834 26
20862 5
20864 6
20884 3
20886 26
20894 19
20898 22
20900 2
20910 1
20923 3
20924 6
20933 10
20947 6
20949 2
20950 2
20953 10
20961 51
20968 7
20981 16
20998 3
21005 17
21007 4
21011 12
21015 5
21050 7
21067 6
21068 12
21078 23
21130 11
21145 4
21154 34
21177 16
21190 6
21192 4
21193 8
21194 3
21195 4
21197 5
21198 33
21203 7
21230 4
21245 11
21259 8
21263 13
21280 12
21281 7
21296 10
21341 20
21343 8
21346 6
21353 1
21360 15
21362 3
21377 28
21380 3
21381 3
21385 19
21390 4
21401 3
21408 10
21422 12
21428 1
21430 18
21455 2
21459 20
21469 11
21478 2
21490 5
21494 8
21496 12
21514 27
21515 2
21524 1
21529 7
21545 32
21555 12
21556 18
21558 3
21559 8
21562 2
21570 8
21571 7
21580 1
21597 1
21599 6
21612 4
21625 2
21632 8
21638 8
21645 3
21655 11
21664 22
21674 16
21683 10
21688 6
21691 6
21715 1
21751 35
21756 3
21765 13
21770 1
21797 5
21804 8
21807 25
21824 8
21831 13
21841 5
21846 7
21851 18
21871 3
21916 10
21917 14
21922 10
21930 21
21937 38
21953 5
21975 21
21980 9
21983 18
21986 12
21993 2
22002 3
22004 17
22008 5
22009 1
22015 4
22017 3
22019 8
22020 12
22022 15
22029 24
22039 3
22040 1
22055 9
22101 9
22109 3
22114 5
22115 20
22125 11
22159 3
22183 22
22192 15
22195 1
22223 1
22285 48
22289 7
22291 29
22294 2
22297 2
22299 2
22305 1
22323 9
22326 12
22328 10
22338 13
22363 9
22386 22
22388 5
22401 1
22409 13
22417 2
22427 17
22438 4
22452 6
22461 4
22481 4
22489 36
22494 18
22519 1
22525 1
22542 28
22546 5
22569 10
22594 18
22603 4
22608 25
22633 14
22642 9
22655 11
22682 13
22702 11
22708 18
22709 5
22743 27
22746 12
22750 12
22756 9
22761 7
22770 16
22782 26
22795 16
22830 14
22843 15
22846 5
22848 4
22897 5
22900 7
22906 16
22915 7
22922 1
22928 1
22937 18
22962 20
22963 2
22969 6
22974 1
22976 13
22996 5
23022 2
23033 5
23035 2
23038 1
23047 8
23050 5
23053 30
23055 2
23057 8
23062 14
23063 5
23070 26
23074 6
23082 3
23085 15
23090 3
23097 14
23098 2
23123 26
23126 1
23133 13
23140 1
23151 11
23162 2
23170 2
23177 1
23186 3
23190 3
23217 1
23222 10
23230 3
23240 14
23269 9
23298 10
23314 17
23316 13
23321 1
23325 8
23340 11
23362 2
23371 5
23375 11
23380 1
23382 41
23383 18
23388 44
23404 3
23433 24
23460 8
23494 11
23501 40
23503 1
23565 2
23566 5
23573 3
23578 1
23591 20
23594 34
23599 2
23612 2
23617 32
23620 14
23634 1
23640 4
23656 2
23658 8
23664 40
23672 4
23675 3
23699 7
23715 7
23736 10
23738 1
23740 3
23743 18
23749 3
23757 2
23761 6
23762 18
23792 2
23806 27
23809 19
23813 2
23823 21
23842 6
23848 3
23859 14
23861 2
23868 6
23888 17
23892 9
23922 5
23936 3
23947 11
23952 6
23993 13
24003 17
24016 9
24017 1
24055 13
24064 9
24081 12
24122 11
24132 3
24145 3
24153 6
24157 12
24161 16
24163 5
24167 18
24168 3
24175 3
24177 2
24183 1
24186 3
24196 10
24198 19
24208 24
24233 14
24236 9
24237 5
24245 15
24256 2
24258 26
24260 2
24268 4
24277 48
24286 8
24298 19
24303 5
24311 24
24312 1
24333 1
24339 19
24343 8
24348 2
24359 25
24365 17
24368 5
24373 4
24391 7
24400 5
24408 7
24423 40
24428 4
24443 4
24456 11
24457 2
24462 4
24475 16
24491 6
24499 1
24521 8
24535 37
24568 17
24585 15
24605 24
24608 1
24622 15
24628 8
24636 1
24671 12
24682 2
24690 2
24699 1
24700 4
24717 19
24718 4
24731 5
24735 23
24751 14
24775 1
24785 8
24788 3
24791 10
24816 9
24818 14
24837 11
24878 3
24879 18
24908 1
24916 15
24922 6
24923 6
24929 48
24931 16
24939 2
24941 4
24955 19
24962 8
24964 34
24972 12
24979 3
24983 5
24998 14
25012 2
25036 1
25045 26
25047 28
25052 3
25060 1
25063 6
25081 32
25083 21
25090 7
25092 6
25110 12
25126 1
25135 3
25147 7
25151 7
25161 1
25170 33
25175 7
25177 7
25181 1
25200 4
25202 3
25213 2
25215 1
25220 3
25275 11
25286 7
25289 7
25292 12
25295 4
25299 1
25307 1
25318 27
25334 13
25340 5
25352 4
25381 8
25388 17
25389 6
25400 5
25404 4
25415 8
25429 4
25459 6
25465 27
25468 4
25474 8
25501 1
25524 1
25533 36
25540 2
25545 2
25560 13
25564 16
25576 12
25578 5
25589 3
25609 8
25623 17
25636 2
25641 17
25647 7
25692 1
25695 23
25703 5
25720 2
25732 19
25733 17
25738 2
25747 11
25751 58
25752 2
25753 1
25768 3
25769 3
25777 3
25781 1
25792 1
25795 16
25810 9
25819 9
25834 9
25873 5
25893 4
25898 2
25901 11
25910 15
25925 4
25938 17
25942 5
25952 11
25955 1
25960 3
25967 16
25977 3
25984 22
26013 5
26022 4
26032 16
26037 8
26061 6
26071 22
26072 5
26079 6
26085 1
26096 20
26104 21
26111 15
26124 35
26140 13
26147 2
26159 42
26161 1
26164 28
26168 21
26171 22
26172 1
26183 5
26187 28
26188 24
26200 4
26211 15
26245 3
26252 1
26270 20
26284 22
26287 15
26293 12
26305 13
26325 2
26346 1
26377 22
26381 2
26401 2
26410 20
26412 3
26417 29
26418 3
26426 1
26436 16
26446 3
26455 15
26460 8
26479 19
26496 10
26497 1
26501 11
26513 8
26514 6
26515 18
26525 2
26530 8
26545 8
26548 15
26549 18
26579 1
26584 20
26593 2
26610 7
26612 12
26633 20
26636 1
26637 28
26650 22
26662 16
26669 3
26685 1
26688 13
26694 10
26702 16
26704 9
26710 1
26729 6
26734 1
26736 2
26741 45
26765 5
26770 14
26783 7
26784 3
26786 4
26793 13
26801 15
26814 8
26821 14
26824 2
26837 15
26841 24
26850 4
26860 28
26865 7
26867 22
26893 3
26896 8
26909 4
26910 7
26931 1
26936 2
26944 2
26972 12
26976 10
27002 14
27009 1
27011 28
27015 1
27018 1
27040 7
27050 3
27056 7
27058 3
27075 12
27082 5
27099 10
27104 5
27123 4
27128 1
27132 1
27142 2
27151 16
27159 8
27169 7
27191 13
27193 2
27196 11
27243 12
27262 2
27272 3
27286 13
27318 12
27320 18
27321 3
27335 25
27349 6
27358 11
27363 2
27364 2
27388 20
27402 20
27406 17
27413 41
27419 8
27428 15
27438 1
27445 7
27451 11
27506 1
27513 27
27515 1
27523 17
27525 1
27527 21
27530 10
27538 13
27541 4
27557 9
27576 10
27586 1
27589 5
27601 4
27615 7
27624 2
27635 14
27638 7
27671 6
27672 7
27689 44
27705 2
27714 6
27735 4
27740 5
27769 2
27773 7
27789 1
27799 14
27802 24
27803 42
27818 16
27819 7
27820 6
27823 2
27826 11
27832 34
27838 7
27846 9
27848 12
27852 7
27855 2
27858 12
27881 1
27888 2
27894 7
27899 22
27915 19
27938 4
27958 3
27978 2
27980 12
27990 5
28021 3
28048 8
28056 31
28061 5
28067 5
28068 20
28069 8
28070 9
28091 12
28096 3
28110 27
28113 2
28139 9
28152 7
28169 33
28178 13
28185 4
28188 18
28197 11
28202 20
28208 9
28214 5
28228 2
28250 19
28251 7
28264 11
28270 8
28279 5
28295 3
28301 10
28302 13
28303 14
28308 20
28318 17
28330 1
28332 2
28339 3
28358 16
28376 17
28382 27
28388 20
28401 2
28419 3
28424 15
28426 17
28454 1
28457 10
28458 39
28466 23
28474 3
28486 4
28497 5
28507 2
28511 4
28514 3
28522 3
28526 5
28589 18
28607 8
28627 2
28643 34
28659 25
28670 9
28672 12
28673 2
28676 1
28684 9
28689 5
28709 4
28717 8
28722 9
28724 8
28735 2
28760 2
28792 24
28797 1
28803 15
28808 25
28824 15
28830 8
28832 18
28838 1
28844 12
28864 5
28866 18
28893 4
28897 10
28907 4
28914 5
28920 8
28922 26
28945 5
28974 21
29002 7
29030 2
29047 14
29050 9
29053 22
29065 7
29072 4
29087 3
29088 1
29117 7
29119 5
29173 1
29178 31
29179 8
29182 59
29201 27
29216 12
29222 2
29224 13
29233 1
29235 19
29236 3
29250 1
29251 3
29269 12
29283 18
29300 2
29304 22
29334 17
29335 8
29345 26
29352 13
29355 5
29374 18
29377 14
29378 5
29398 8
29404 1
29408 7
29410 4
29411 2
29425 7
29446 11
29449 4
29450 28
29460 40
29473 19
29494 4
29497 7
29504 14
29513 3
29514 33
29516 19
29517 11
29531 24
29536 33
29539 8
29540 1
29542 2
29552 5
29571 5
29582 7
29590 7
29603 22
29604 6
29614 8
29620 2
29627 4
29631 18
29635 6
29640 1
29641 9
29646 4
29660 16
29666 7
29670 10
29714 5
29721 4
29737 7
29777 3
29788 11
29792 17
29794 5
29801 2
29814 27
29822 14
29824 10
29835 26
29852 12
29853 8
29873 3
29887 18
29891 21
29901 1
29906 6
29911 6
29914 3
29939 8
29954 10
29983 16
30004 3
30031 2
30039 12
30059 4
30063 14
30064 5
30066 14
30101 11
30106 2
30117 3
30132 5
30146 7
30148 6
30151 10
30165 11
30187 4
30189 12
30200 1
30202 1
30206 4
30212 5
30227 34
30232 4
30256 8
30260 4
30300 17
30311 11
30317 3
30342 2
30347 10
30350 36
30365 3
30373 4
30381 21
30386 4
30412 16
30413 13
30419 25
30422 2
30429 23
30436 8
30443 1
30468 11
30469 14
30473 1
30484 44
30495 56
30499 7
30503 33
30518 5
30521 7
30525 1
30529 7
30545 24
30549 5
30553 17
30560 2
30568 26
30579 12
30600 49
30602 5
30604 2
30617 5
30632 1
30640 15
30656 13
30671 12
30674 4
30677 9
30679 6
30687 7
30689 15
30691 12
30695 10
30718 18
30722 31
30735 5
30738 1
30752 16
30762 1
30764 2
30767 1
30792 15
30793 13
30802 3
30810 5
30816 1
30824 21
30843 1
30847 4
30873 14
30874 1
30877 3
30892 13
30893 2
30904 11
30909 12
30923 1
30941 5
30953 5
30955 12
30972 2
30990 1
30996 31
31020 15
31034 11
31047 17
31081 4
31086 16
31087 8
31108 4
31127 35
31154 2
31158 1
31162 13
31166 9
31171 6
31177 8
31181 2
31183 32
31196 3
31212 7
31221 12
31222 29
31227 1
31267 3
31273 3
31277 35
31279 1
31307 13
31311 16
31322 13
31341 19
31368 37
31378 4
31385 46
31398 4
31422 31
31424 5
31446 6
31456 13
31463 12
31469 7
31504 10
31505 1
31506 6
31529 1
31538 1
31540 24
31541 3
31555 6
31570 2
31571 51
31575 5
31592 2
31601 10
31621 11
31629 12
31634 26
31638 3
31654 9
31655 23
31670 9
31681 14
31685 12
31690 8
31693 4
31704 5
31708 11
31716 13
31719 2
31735 8
31742 15
31757 1
31764 10
31774 10
31777 15
31781 1
31785 19
31789 6
31791 12
31792 16
31816 21
31818 6
31853 36
31855 7
31876 8
31877 18
31879 8
31905 4
31928 3
31937 4
31941 3
31947 59
31948 6
31953 6
31971 8
31982 6
32009 4
32010 48
32012 4
32052 5
32053 2
32054 2
32069 1
32079 2
32084 17
32085 22
32124 2
32138 19
32142 2
32144 24
32151 7
32173 7
32177 7
32180 1
32184 23
32190 13
32216 25
32238 11
32245 2
32250 9
32256 58
32257 38
32259 16
32278 6
32281 4
32288 12
32309 16
32314 9
32316 4
32331 7
32341 17
32342 2
32349 24
32383 2
32398 4
32399 16
32412 24
32438 3
32458 2
32468 3
32469 7
32481 8
32490 9
32494 7
32497 9
32571 1
32578 38
32581 11
32584 15
32606 15
32609 2
32621 7
32635 14
32643 4
32651 48
32658 41
32662 8
32676 3
32678 1
32691 24
32696 4
32697 24
32707 4
32738 6
32747 5
32753 7
32768 14
32777 6
32781 16
32791 21
32799 3
32803 2
32805 14
32816 6
32831 11
32837 6
32852 21
32853 9
32877 9
32909 5
32914 1
32920 17
32941 2
32947 8
32965 4
32966 21
32967 1
32968 1
32993 4
33001 11
33016 1
33026 9
33034 1
33043 8
33056 10
33064 44
33073 3
33091 4
33103 11
33105 9
33126 32
33144 12
33158 25
33165 18
33172 8
33190 12
33191 18
33212 2
33216 1
33218 9
33222 11
33240 1
33251 32
33271 5
33293 5
33297 14
33298 2
33305 3
33361 5
33373 26
33386 13
33392 2
33465 7
33478 4
33487 5
33498 14
33499 9
33507 3
33535 12
33541 2
33557 4
33574 10
33581 3
33585 3
33600 1
33607 7
33612 3
33618 7
33648 5
33658 4
33670 1
33681 3
33684 9
33690 5
33692 1
33695 4
33696 3
33699 12
33715 9
33725 21
33730 10
33741 14
33752 8
33757 1
33775 13
33779 2
33785 8
33801 9
33811 8
33818 4
33824 4
33845 5
33847 16
33861 13
33873 11
33875 12
33918 6
33919 16
33920 16
33922 5
33935 3
33951 2
33952 2
33962 2
33966 11
33976 1
33988 32
33991 1
33996 7
34002 18
34016 8
34026 2
34049 4
34056 7
34066 4
34070 2
34082 16
34087 2
34099 22
34115 14
34128 6
34138 1
34158 34
34159 9
34174 25
34231 7
34233 6
34282 6
34290 25
34298 3
34323 4
34339 43
34340 11
34343 3
34345 5
34358 35
34386 10
34390 5
34391 45
34392 1
34401 4
34410 3
34415 29
34424 57
34427 3
34430 1
34436 9
34486 10
34493 21
34505 16
34512 5
34515 4
34522 12
34549 22
34560 3
34571 10
34596 7
34624 5
34632 23
34639 19
34661 10
34678 6
34681 6
34697 8
34706 9
34720 11
34748 6
34751 6
34759 7
34773 14
34783 12
34791 25
34800 13
34819 7
34832 23
34837 7
34859 1
34871 22
34886 4
34890 4
34898 6
34902 17
34922 5
34929 1
34977 37
35003 27
35004 5
35005 15
35026 4
35029 12
35033 10
35052 6
35069 20
35070 19
35115 2
35120 1
35122 2
35132 25
35133 16
35137 4
35150 19
35165 5
35206 6
35208 2
35213 1
35214 15
35221 14
35222 1
35235 3
35241 2
35250 4
35251 2
35256 2
35287 2
35316 21
35330 10
35346 5
35353 3
35360 2
35363 12
35368 3
35374 6
35383 1
35389 34
35391 1
35411 48
35415 2
35418 1
35419 1
35431 3
35435 1
35450 2
35451 4
35483 1
35487 5
35497 26
35512 20
35514 36
35519 22
35528 11
35540 10
35548 1
35549 10
35586 10
35588 20
35611 17
35612 21
35615 3
35623 4
35628 23
35629 7
35633 24
35635 1
35643 7
35657 2
35659 2
35688 1
35693 2
35717 10
35725 10
35734 9
35777 3
35780 2
35786 2
35798 6
35804 11
35842 12
35851 14
35863 7
35873 3
35889 4
35895 15
35923 10
35955 10
35959 14
35983 19
35996 5
36000 14
36014 17
36043 1
36058 4
36066 5
36069 4
36073 18
36076 7
36081 10
36084 4
36094 15
36099 15
36106 4
36113 10
36166 6
36170 13
36177 6
36179 6
36201 20
36213 12
36239 6
36240 12
36258 23
36280 1
36321 50
36332 7
36335 2
36343 6
36351 13
36354 7
36362 2
36363 46
36373 5
36394 12
36398 4
36402 9
36408 14
36420 15
36433 30
36442 3
36446 4
36449 14
36454 8
36493 6
36499 3
36501 7
36504 3
36510 19
36521 3
36536 12
36548 2
36553 12
36570 16
36571 15
36580 2
36590 5
36591 3
36592 14
36593 1
36595 1
36599 5
36611 5
36617 24
36626 3
36646 4
36675 4
36705 26
36707 43
36714 20
36718 1
36720 2
36726 3
36733 10
36737 3
36746 31
36750 8
36766 29
36805 11
36821 9
36835 9
36837 2
36838 23
36853 2
36864 2
36866 41
36867 12
36884 4
36886 11
36895 3
36917 13
36947 8
36973 1
36993 46
37007 8
37013 2
37018 9
37036 20
37043 15
37060 7
37065 13
37068 25
37083 22
37095 11
37119 5
37149 16
37159 8
37161 3
37172 13
37178 9
37181 22
37184 4
37186 10
37194 6
37196 4
37197 2
37198 1
37220 4
37226 4
37265 2
37273 7
37279 3
37288 19
37297 2
37308 6
37316 7
37332 4
37334 28
37341 50
37353 3
37357 25
37376 14
37380 14
37382 6
37399 18
37408 14
37410 5
37411 22
37426 57
37428 5
37452 6
37453 2
37458 4
37463 8
37467 4
37474 24
37484 2
37495 1
37498 7
37514 17
37517 27
37522 25
37566 32
37574 19
37577 5
37597 10
37610 4
37611 3
37631 4
37635 20
37637 7
37640 44
37641 8
37658 29
37661 1
37662 15
37667 13
37673 7
37679 5
37683 1
37684 22
37689 5
37695 13
37701 8
37706 3
37707 30
37724 4
37740 5
37753 4
37758 1
37762 4
37771 8
37776 5
37791 10
37794 1
37796 1
37797 13
37811 24
37812 12
37813 14
37838 4
37849 4
37852 2
37853 12
37860 9
37869 4
37875 43
37880 34
37885 9
37888 26
37899 28
37905 4
37923 8
37930 2
37932 15
37942 4
37962 3
37973 4
37977 4
38018 7
38026 9
38037 1
38062 22
38064 37
38075 1
38078 10
38081 11
38084 33
38105 4
38114 1
38120 22
38125 15
38134 11
38143 7
38149 2
38165 3
38172 28
38177 4
38190 7
38198 20
38200 4
38205 27
38207 3
38211 2
38230 12
38233 13
38238 27
38240 18
38259 3
38270 10
38277 22
38281 3
38308 7
38329 8
38365 4
38369 5
38377 22
38381 22
38386 5
38391 17
38411 3
38437 12
38439 3
38441 1
38444 1
38451 2
38467 8
38473 11
38476 10
38481 5
38485 48
38498 15
38509 21
38521 9
38539 16
38554 29
38565 2
38567 3
38571 13
38583 2
38590 10
38609 31
38610 2
38612 1
38632 2
38639 2
38643 10
38652 3
38661 15
38678 8
38683 12
38697 2
38704 5
38713 2
38721 9
38727 20
38736 9
38750 5
38754 21
38758 1
38760 3
38764 10
38766 20
38779 6
38800 10
38803 4
38812 10
38824 12
38837 10
38845 9
38848 11
38850 4
38862 1
38869 10
38876 6
38889 3
38896 1
38898 8
38900 3
38913 22
38924 8
38927 1
38930 11
38945 6
38951 14
38963 12
38969 10
38995 6
38997 19
38998 41
39007 16
39022 27
39039 6
39043 1
39048 1
39070 5
39078 5
39080 7
39089 1
39092 2
39116 15
39128 3
39132 16
39142 31
39148 5
39167 14
39169 16
39190 10
39199 5
39204 1
39208 15
39211 3
39216 13
39218 10
39230 27
39249 2
39251 35
39256 10
39267 14
39270 6
39274 30
39275 7
39307 20
39310 1
39311 2
39336 21
39347 5
39351 12
39361 19
39363 30
39368 12
39371 1
39386 3
39392 2
39394 14
39395 17
39411 33
39418 2
39454 5
39478 9
39480 11
39496 7
39506 1
39517 21
39540 3
39547 3
39562 13
39573 15
39575 27
39599 1
39600 21
39602 4
39605 7
39606 12
39629 38
39630 3
39655 9
39658 1
39694 8
39709 5
39713 22
39748 1
39763 16
39775 7
39802 34
39817 13
39869 11
39870 29
39896 29
39908 6
39913 16
39937 6
39941 14
39943 8
39946 4
39959 10
39960 5
39972 10
39976 1
39982 3
39986 13
39991 13
40003 8
40007 3
40024 19
40038 5
40043 2
40048 11
40056 9
40061 2
40077 3
40086 7
40091 22
40093 3
40096 9
40100 2
40123 1
40127 5
40170 4
40175 24
40185 3
40193 2
40198 18
40208 6
40209 1
40213 11
40217 5
40230 7
40235 15
40241 5
40256 1
40261 19
40293 2
40297 13
40302 15
40312 5
40315 24
40324 14
40326 2
40328 11
40336 37
40338 19
40340 1
40341 8
40343 11
40365 10
40373 4
40394 4
40396 16
40412 7
40438 9
40468 9
40476 2
40480 7
40482 3
40489 31
40497 9
40499 2
40501 2
40508 14
40514 4
40525 1
40526 1
40558 20
40560 6
40568 12
40570 1
40578 24
40580 5
40581 26
40589 4
40594 1
40597 2
40610 1
40621 1
40627 6
40632 4
40634 36
40645 34
40649 18
40655 28
40661 3
40667 9
40695 14
40711 37
40718 6
40734 22
40752 30
40762 3
40767 22
40769 8
40776 7
40789 3
40793 23
40807 2
40809 6
40811 2
40815 3
40818 4
40832 15
40842 3
40845 3
40848 8
40849 4
40850 5
40852 2
40868 5
40888 7
40890 3
40918 15
40924 3
40942 22
40945 11
40949 15
40950 1
40955 3
40963 9
40964 9
40969 7
40980 16
41032 15
41035 1
41049 22
41061 3
41085 6
41087 10
41094 9
41107 7
41159 8
41165 16
41169 1
41196 5
41200 12
41210 14
41217 1
41224 7
41256 16
41259 33
41260 12
41263 30
41265 2
41266 4
41281 27
41286 9
41292 5
41294 1
41297 1
41298 1
41299 4
41302 49
41330 16
41380 6
41390 6
41405 11
41413 31
41414 1
41422 17
41447 2
41448 5
41458 1
41463 11
41464 5
41465 3
41495 2
41496 5
41498 1
41499 22
41504 20
41512 12
41524 3
41530 13
41543 7
41556 6
41557 19
41569 4
41578 7
41589 1
41633 2
41645 8
41647 1
41650 13
41655 1
41662 5
41672 49
41698 7
41733 12
41738 12
41741 19
41749 15
41750 3
41753 3
41764 4
41800 15
41803 10
41810 7
41814 2
41826 17
41833 1
41845 6
41854 5
41855 8
41856 20
41858 2
41867 13
41883 19
41885 4
41888 1
41895 25
41935 12
41957 11
41964 5
41967 1
41969 3
41997 54
42025 1
42036 3
42045 8
42061 19
42065 17
42070 4
42113 23
42120 15
42140 9
42145 39
42153 11
42154 7
42181 16
42183 4
42188 7
42195 13
42200 1
42205 17
42214 8
42216 2
42233 5
42239 6
42246 42
42247 8
42265 13
42280 2
42281 2
42282 13
42295 8
42296 10
42297 5
42299 21
42302 1
42313 9
42317 34
42325 3
42331 1
42336 12
42339 1
42348 1
42353 6
42356 11
42359 29
42361 5
42371 4
42378 1
42394 3
42405 2
42406 21
42407 5
42415 4
42437 3
42445 4
42446 6
42450 15
42457 12
42460 2
42481 1
42483 27
42484 19
42489 7
42493 22
42505 3
42515 1
42521 16
42523 2
42532 4
42540 4
42546 2
42553 4
42554 5
42588 10
42589 2
42621 4
42624 7
42638 10
42650 3
42654 16
42655 6
42662 12
42663 1
42668 5
42673 12
42681 35
42696 12
42706 13
42728 27
42734 3
42735 3
42736 11
42746 6
42763 40
42764 5
42778 6
42787 1
42793 7
42797 11
42801 2
42838 4
42842 7
42846 41
42851 7
42858 4
42863 4
42885 1
42891 20
42900 30
42916 4
42918 19
42922 6
42935 5
42950 7
42955 6
42956 5
42959 7
42965 38
42973 9
42999 2
43032 1
43039 21
43047 6
43051 51
43052 3
43072 3
43082 21
43086 2
43092 2
43093 14
43101 11
43118 5
43131 3
43135 45
43139 13
43142 22
43147 16
43151 2
43153 12
43154 6
43155 25
43162 5
43167 13
43171 20
43188 5
43220 12
43223 10
43237 5
43244 19
43245 2
43251 30
43256 1
43260 1
43271 4
43284 5
43285 28
43289 3
43320 1
43348 7
43366 4
43374 39
43375 4
43378 7
43413 22
43418 20
43435 10
43443 19
43456 7
43463 1
43465 3
43480 1
43483 13
43496 2
43511 2
43524 2
43547 2
43554 14
43566 1
43567 12
43594 1
43611 3
43614 16
43618 9
43623 16
43635 5
43639 2
43640 7
43648 47
43649 8
43652 11
43677 10
43679 2
43682 10
43690 6
43694 12
43695 23
43707 4
43708 23
43744 11
43776 17
43780 7
43794 22
43798 9
43814 7
43822 18
43826 1
43828 18
43832 1
43836 13
43844 23
43846 5
43866 6
43878 2
43882 3
43895 15
43897 5
43901 48
43918 14
43934 9
43938 11
43954 19
44013 10
44021 25
44027 14
44031 10
44044 6
44047 7
44048 2
44055 4
44064 10
44089 20
44091 11
44104 12
44115 14
44116 12
44117 8
44119 3
44126 2
44143 3
44145 5
44163 6
44170 1
44174 29
44175 7
44181 16
44198 2
44231 3
44232 14
44236 10
44237 4
44239 7
44247 36
44248 3
44249 22
44274 13
44284 13
44287 10
44288 1
44296 21
44308 7
44328 19
44335 3
44379 18
44389 19
44411 3
44419 3
44428 3
44449 11
44455 16
44467 3
44473 20
44485 1
44491 6
44522 7
44538 10
44545 10
44580 30
44585 3
44589 16
44651 24
44654 7
44662 15
44666 3
44683 1
44686 3
44700 16
44712 6
44722 22
44723 4
44737 3
44754 4
44761 2
44766 9
44786 3
44796 19
44799 3
44803 1
44805 8
44807 7
44811 9
44813 21
44815 10
44821 45
44839 2
44849 3
44888 14
44898 6
44902 14
44907 27
44962 5
44974 17
44976 1
44980 5
44982 21
44986 5
44991 15
45017 4
45019 3
45022 3
45028 1
45031 3
45051 17
45064 5
45070 30
45071 6
45074 4
45076 13
45092 16
45093 7
45096 4
45114 7
45125 1
45129 9
45135 8
45136 21
45150 16
45165 18
45167 6
45168 27
45176 20
45182 5
45189 13
45190 1
45201 2
45230 31
45231 11
45241 2
45284 4
45295 8
45299 22
45308 22
45315 12
45316 13
45321 16
45337 1
45338 17
45360 18
45368 20
45383 7
45395 22
45397 1
45399 5
45403 3
45426 7
45438 6
45441 11
45449 8
45455 1
45485 3
45486 4
45501 8
45516 6
45522 16
45527 22
45537 5
45538 16
45539 4
45556 9
45566 16
45575 2
45586 5
45589 3
45622 3
45627 2
45634 10
45654 2
45670 4
45691 10
45695 4
45703 7
45709 4
45716 12
45717 11
45719 16
45729 4
45735 16
45748 32
45753 13
45754 4
45757 5
45759 5
45768 1
45783 11
45784 1
45789 10
45796 4
45800 3
45852 13
45860 23
45879 7
45894 8
45909 10
45944 1
45969 16
45972 6
45975 16
45983 8
45993 4
46002 5
46005 15
46011 1
46021 6
46038 4
46040 4
46042 11
46045 3
46062 3
46065 2
46068 20
46078 8
46091 2
46093 3
46097 19
46109 25
46111 21
46114 22
46120 26
46127 28
46128 2
46135 9
46136 2
46137 4
46152 14
46160 5
46162 4
46178 9
46189 8
46193 2
46227 2
46232 2
46233 6
46245 1
46256 16
46258 11
46275 2
46278 10
46280 1
46285 3
46299 4
46303 11
46305 4
46325 21
46342 8
46345 1
46348 9
46352 10
46394 6
46396 5
46404 6
46411 19
46430 2
46434 15
46446 30
46459 1
46464 6
46466 4
46469 7
46470 7
46484 27
46500 9
46502 31
46504 5
46531 4
46534 20
46546 6
46547 44
46563 15
46576 1
46583 1
46585 4
46598 21
46603 28
46605 3
46623 2
46630 11
46631 1
46633 3
46648 18
46656 2
46665 1
46682 2
46683 21
46713 7
46727 16
46732 1
46746 2
46747 2
46748 27
46769 13
46776 8
46779 2
46783 7
46809 1
46817 5
46818 11
46833 3
46852 4
46853 25
46857 4
46887 8
46890 8
46919 3
46933 9
46955 11
46985 5
47003 14
47007 4
47024 14
47025 8
47035 2
47044 5
47048 1
47049 6
47060 1
47062 24
47070 3
47073 3
47075 7
47076 3
47084 4
47089 4
47091 8
47095 5
47096 21
47125 20
47131 12
47136 9
47156 4
47157 23
47159 5
47166 16
47173 17
47197 28
47229 5
47244 7
47250 2
47267 3
47275 11
47278 12
47282 4
47296 45
47303 3
47304 8
47309 12
47321 1
47322 8
47325 62
47329 1
47345 32
47362 4
47393 5
47409 22
47411 55
47413 7
47416 6
47437 6
47446 29
47447 2
47456 27
47468 9
47498 3
47520 20
47532 4
47546 15
47551 3
47557 9
47574 1
47576 60
47590 8
47594 7
47638 5
47679 9
47710 2
47714 16
47715 1
47716 9
47725 11
47741 2
47746 3
47755 24
47756 33
47765 23
47812 7
47814 4
47834 24
47840 3
47859 28
47863 12
47865 7
47879 18
47898 3
47907 24
47912 10
47921 8
47926 2
47973 15
47978 3
47996 2
47999 19
48001 8
48006 24
48007 28
48017 34
48019 3
48040 1
48053 14
48060 4
48065 29
48067 5
48075 19
48087 3
48099 12
48107 25
48121 4
48131 20
48163 4
48210 16
48213 6
48227 15
48229 19
48230 23
48239 62
48249 50
48259 3
48266 1
48267 3
48276 15
48282 2
48297 17
48310 1
48312 11
48320 8
48335 3
48338 4
48344 1
48348 12
48359 1
48368 3
48407 12
48427 2
48435 2
48438 1
48454 15
48459 39
48465 1
48516 2
48519 19
48526 5
48532 1
48536 18
48550 11
48553 12
48554 4
48560 11
48561 15
48602 7
48625 13
48626 3
48639 1
48652 7
48662 1
48678 8
48689 4
48696 15
48698 5
48705 9
48706 11
48709 5
48710 1
48721 5
48733 25
48737 20
48739 1
48751 10
48767 15
48780 2
48784 3
48787 4
48803 14
48809 3
48811 1
48834 3
48866 1
48870 3
48881 5
48883 10
48885 22
48891 14
48895 1
48901 4
48904 14
48911 8
48912 12
48920 25
48931 1
48934 7
48953 5
48957 4
48960 16
48964 31
48968 5
48970 7
48979 15
48984 37
48991 14
48996 14
49011 9
49030 19
49033 6
49035 9
49038 6
49039 2
49053 5
49056 5
49070 1
49077 8
49079 12
49086 5
49093 7
49097 1
49106 1
49107 3
49117 2
49132 3
49168 9
49169 9
49173 10
49188 15
49207 10
49216 7
49223 21
49227 20
49234 7
49250 6
49261 19
49265 31
49275 8
49286 5
49293 10
49343 2
49345 5
49348 6
49357 10
49374 18
49388 14
49399 6
49402 8
49433 1
49442 28
49446 2
49449 5
49455 8
49456 5
49479 3
49486 1
49495 29
49496 19
49505 2
49509 3
49543 15
49544 3
49551 4
49556 13
49571 13
49581 8
49594 6
49617 21
49623 1
49642 6
49658 4
49660 2
49666 8
49672 11
49673 28
49684 3
49686 17
49699 6
49715 10
49723 4
49729 16
49730 20
49732 25
49735 8
49740 19
49757 7
49766 24
49771 9
49779 4
49785 8
49788 11
49812 13
49813 6
49826 6
49830 2
49834 4
49835 11
49836 3
49841 5
49851 10
49862 12
49884 2
49888 4
49889 32
49921 1
49924 22
49927 1
49935 9
49941 5
49948 20
49951 7
49957 6
49984 8
49987 15
49988 1
49990 1
49998 1
50011 4
50029 5
50036 33
50058 6
50091 1
50107 1
50110 16
50112 12
50128 4
50151 11
50155 14
50162 5
50164 3
50168 13
50178 5
50188 1
50191 24
50193 34
50224 3
50225 12
50255 22
50258 18
50263 2
50265 2
50274 6
50275 29
50300 38
50301 7
50318 11
50322 12
50326 7
50329 10
50331 10
50352 5
50354 11
50361 8
50379 13
50397 1
50410 19
50417 6
50418 12
50420 13
50424 13
50431 13
50440 10
50458 10
50464 1
50466 3
50467 7
50526 22
50550 4
50553 2
50565 10
50567 4
50570 8
50571 7
50597 5
50601 13
50614 9
50623 28
50634 5
50636 3
50665 6
50668 31
50672 2
50673 9
50680 7
50682 4
50687 1
50694 2
50695 13
50697 3
50706 14
50708 3
50711 10
50733 1
50745 1
50747 23
50770 4
50788 4
50792 4
50808 9
50815 2
50851 21
50883 5
50884 10
50897 14
50927 31
50945 6
50947 5
50975 2
50983 5
50993 24
50999 1
51004 1
51005 3
51006 8
51022 21
51026 5
51035 3
51046 5
51054 6
51058 21
51060 1
51064 2
51072 3
51089 16
51092 7
51093 5
51105 7
51126 5
51161 4
51172 4
51222 8
51236 1
51244 1
51248 5
51256 13
51260 13
51266 9
51270 6
51279 6
51280 24
51285 34
51293 1
51302 23
51308 6
51310 2
51317 12
51322 10
51339 1
51369 3
51372 6
51384 5
51388 13
51389 6
51398 18
51401 2
51410 1
51411 6
51433 12
51445 4
51450 1
51455 3
51474 9
51497 16
51498 13
51499 11
51535 7
51541 2
51544 21
51568 6
51583 2
51588 4
51595 7
51603 3
51606 16
51617 1
51620 4
51623 16
51625 3
51645 3
51653 28
51672 27
51675 4
51698 12
51746 4
51768 2
51777 10
51783 2
51795 4
51799 57
51815 5
51819 6
51845 9
51846 7
51849 3
51850 8
51851 3
51861 8
51866 2
51887 2
51934 30
51941 13
51942 2
51949 5
51955 6
51958 1
51964 9
51965 4
51969 7
51985 5
51998 5
52008 27
52021 9
52023 1
52026 16
52027 13
52032 5
52088 2
52095 4
52099 10
52107 8
52113 1
52121 7
52123 12
52125 4
52127 6
52148 19
52172 8
52190 9
52194 1
52228 11
52231 20
52244 2
52251 22
52264 10
52277 4
52298 4
52308 19
52318 1
52324 2
52326 5
52337 8
52357 5
52372 9
52397 3
52415 9
52428 3
52431 5
52432 3
52441 7
52446 27
52455 19
52457 27
52472 10
52489 21
52500 25
52508 11
52515 1
52516 10
52524 4
52535 10
52563 6
52564 1
52569 18
52574 4
52577 12
52595 10
52602 13
52604 7
52612 3
52627 7
52636 39
52642 2
52651 11
52653 1
52657 5
52659 13
52686 16
52694 12
52707 10
52724 9
52727 2
52735 6
52745 18
52775 13
52776 4
52784 1
52788 7
52790 1
52803 36
52816 11
52822 14
52823 9
52829 2
52841 8
52871 10
52885 6
52891 9
52896 13
52906 11
52925 14
52934 6
52938 2
52939 3
52942 36
52950 8
52971 16
52991 15
53018 1
53048 15
53065 6
53069 9
53080 5
53098 16
53108 1
53113 15
53133 15
53140 5
53143 29
53144 35
53157 6
53158 7
53166 3
53190 15
53214 1
53222 2
53226 14
53232 3
53233 4
53234 8
53239 1
53255 2
53259 2
53273 4
53282 16
53293 17
53299 11
53304 3
53315 1
53330 50
53341 1
53350 16
53353 23
53364 6
53378 1
53391 24
53399 8
53402 1
53405 36
53418 4
53471 14
53472 6
53484 1
53497 8
53503 13
53538 5
53542 4
53545 9
53557 3
53575 10
53578 23
53579 5
53603 5
53607 20
53608 26
53619 5
53622 1
53628 3
53647 20
53661 21
53679 4
53681 1
53686 25
53689 6
53733 10
53735 33
53759 7
53770 1
53784 18
53785 1
53790 15
53793 12
53801 10
53806 21
53808 7
53814 2
53816 19
53829 6
53845 3
53853 2
53854 3
53862 1
53867 4
53885 6
53888 23
53919 1
53925 10
53930 16
53940 13
53959 12
53978 12
53988 14
54002 7
54031 24
54037 1
54040 9
54047 50
54058 9
54070 4
54077 33
54079 5
54088 13
54091 12
54096 1
54102 31
54105 8
54120 7
54133 37
54157 27
54164 10
54165 3
54168 3
54176 6
54190 6
54194 4
54197 4
54208 12
54213 23
54214 3
54229 8
54247 3
54248 8
54261 3
54263 20
54273 1
54281 12
54296 1
54310 24
54317 2
54322 14
54327 10
54336 8
54340 43
54366 21
54384 2
54389 3
54413 8
54448 5
54455 8
54461 3
54463 10
54476 7
54493 20
54505 2
54534 25
54535 17
54542 6
54582 5
54602 1
54603 3
54609 1
54642 16
54652 3
54654 10
54675 21
54676 3
54693 39
54695 4
54714 3
54736 5
54749 3
54751 15
54753 18
54774 1
54782 2
54785 23
54788 6
54800 4
54825 11
54844 1
54846 2
54850 3
54860 3
54864 9
54868 55
54879 3
54880 5
54890 1
54891 3
54894 7
54895 8
54898 11
54924 34
54925 8
54931 2
54936 2
54938 4
54957 18
54960 2
54966 11
54970 4
54971 4
54974 1
54978 1
54988 15
54990 3
54999 43
55006 10
55027 8
55034 15
55035 2
55047 2
55072 14
55078 5
55107 40
55127 28
55137 21
55153 5
55155 3
55184 8
55186 20
55197 4
55213 20
55226 18
55262 1
55275 8
55283 6
55295 16
55305 20
55312 6
55322 6
55325 17
55326 2
55336 27
55339 6
55346 13
55351 5
55358 3
55381 12
55387 7
55396 11
55416 5
55423 8
55440 2
55445 7
55481 17
55485 2
55499 2
55513 26
55518 6
55519 8
55554 2
55555 28
55557 32
55563 3
55579 17
55584 1
55623 12
55634 18
55644 2
55659 5
55671 6
55672 5
55674 8
55680 3
55694 4
55695 35
55715 7
55724 9
55747 15
55788 6
55791 7
55793 12
55831 9
55834 5
55839 5
55844 15
55853 7
55869 18
55874 22
55881 3
55892 5
55899 8
55908 3
55914 9
55917 12
55920 13
55927 22
55939 43
55941 3
55952 6
55961 7
55976 9
55991 2
55999 4
56008 16
56023 10
56024 17
56025 8
56028 4
56033 12
56034 9
56039 8
56046 11
56054 13
56068 2
56088 9
56093 22
56105 22
56112 14
56131 2
56135 19
56147 5
56151 7
56166 6
56186 14
56207 2
56227 52
56230 13
56237 8
56250 29
56252 6
56255 8
56260 2
56263 2
56267 3
56276 52
56277 2
56285 6
56287 2
56297 51
56315 10
56316 15
56323 9
56326 13
56327 8
56343 14
56345 6
56351 12
56367 18
56374 1
56375 24
56384 4
56395 4
56416 5
56429 8
56430 11
56433 4
56435 16
56452 5
56463 3
56469 4
56475 9
56478 43
56483 45
56498 8
56501 10
56532 1
56538 10
56546 12
56553 1
56561 6
56575 7
56579 17
56585 2
56610 44
56619 23
56636 9
56640 1
56657 3
56662 12
56679 3
56680 4
56685 8
56686 1
56690 6
56714 22
56716 40
56740 4
56752 21
56765 31
56768 8
56771 1
56774 1
56802 10
56809 18
56811 8
56827 8
56858 8
56864 3
56868 8
56876 39
56883 1
56887 8
56889 17
56902 7
56926 14
56942 23
56974 19
56977 19
56990 8
57001 5
57005 3
57017 1
57039 10
57054 3
57067 2
57073 6
57113 11
57124 6
57139 11
57141 4
57163 9
57164 13
57165 12
57166 1
57174 1
57176 6
57181 7
57185 9
57187 8
57208 11
57211 5
57214 2
57225 21
57228 10
57232 13
57271 9
57281 6
57292 11
57307 23
57313 10
57314 5
57332 19
57338 9
57340 2
57343 21
57375 1
57376 15
57395 6
57423 3
57424 14
57434 1
57440 9
57500 19
57501 21
57505 12
57524 22
57538 5
57544 7
57546 4
57550 17
57588 7
57602 4
57611 7
57621 3
57638 4
57662 11
57685 17
57693 10
57704 5
57720 4
57726 41
57731 23
57736 4
57738 7
57757 11
57762 12
57764 6
57767 14
57772 8
57778 4
57779 12
57822 31
57824 18
57825 12
57841 9
57847 2
57864 4
57874 3
57892 2
57898 10
57904 25
57908 30
57915 36
57921 4
57929 7
57946 2
57967 25
57987 30
57990 1
57994 14
58002 3
58026 1
58053 2
58067 7
58072 12
58082 17
58084 8
58085 5
58089 7
58093 13
58099 12
58106 9
58112 7
58115 7
58116 2
58146 21
58152 3
58155 1
58164 6
58176 5
58191 12
58196 12
58214 1
58224 10
58235 5
58241 20
58244 8
58263 6
58266 31
58286 8
58296 4
58298 4
58308 9
58309 1
58326 5
58333 3
58357 6
58391 5
58413 2
58418 1
58420 2
58428 18
58447 16
58454 5
58480 14
58485 19
58498 27
58504 30
58508 3
58513 8
58516 48
58521 18
58525 7
58535 8
58574 12
58582 2
58590 21
58592 4
58595 2
58605 8
58634 3
58646 19
58648 5
58649 2
58660 66
58698 6
58699 12
58700 35
58712 31
58717 13
58720 5
58723 13
58728 7
58737 10
58750 9
58757 10
58774 6
58777 26
58827 1
58832 1
58840 6
58853 11
58856 1
58866 14
58875 4
58906 12
58909 4
58916 9
58931 29
58938 29
58945 5
58958 2
58979 10
58991 7
59003 25
59006 27
59023 1
59025 1
59038 35
59055 15
59059 10
59062 6
59065 24
59079 3
59083 1
59116 6
59117 1
59120 7
59149 16
59151 18
59160 3
59173 13
59218 2
59220 5
59230 4
59237 3
59246 6
59250 4
59251 12
59255 2
59257 14
59267 41
59275 6
59293 3
59309 5
59319 23
59321 5
59323 1
59324 1
59338 1
59339 17
59343 9
59348 12
59353 5
59361 2
59385 1
59395 30
59404 4
59433 9
59435 25
59442 9
59460 12
59470 27
59471 10
59488 12
59490 7
59497 32
59504 11
59507 38
59523 4
59535 9
59550 31
59556 6
59564 7
59569 5
59571 7
59598 36
59639 7
59648 5
59660 7
59678 1
59681 37
59693 3
59698 12
59704 47
59711 5
59712 3
59722 3
59733 35
59740 9
59771 15
59788 2
59803 1
59810 9
59813 15
59820 2
59830 3
59869 1
59882 7
59884 1
59887 3
59888 4
59900 7
59901 3
59907 4
59908 1
59946 20
59947 9
59951 8
59952 12
59954 37
59955 4
59961 21
59972 4
59985 4
59999 10
60003 29
60005 2
60007 22
60010 9
60015 16
60023 9
60036 11
60037 6
60058 10
60072 14
60075 7
60077 2
60085 1
60097 2
60102 5
60121 1
60123 7
60124 3
60125 3
60126 5
60152 17
60156 2
60157 4
60160 1
60165 13
60172 4
60190 3
60217 3
60221 30
60227 2
60232 10
60237 8
60242 4
60243 6
60250 1
60271 3
60305 8
60314 4
60355 4
60386 15
60396 4
60403 15
60469 8
60470 6
60483 11
60504 11
60521 2
60522 1
60539 22
60563 3
60567 20
60579 6
60610 14
60615 15
60693 4
60719 11
60725 22
60737 3
60741 4
60742 11
60746 3
60762 1
60769 11
60773 5
60795 10
60799 30
60800 11
60811 1
60829 8
60833 11
60850 12
60863 1
60870 1
60872 16
60873 13
60875 11
60883 11
60893 18
60902 8
60911 6
60914 11
60919 4
60929 1
60938 7
60949 32
60961 16
60972 18
60996 1
61001 39
61005 1
61013 9
61034 11
61050 2
61078 6
61079 28
61080 1
61084 10
61105 21
61117 4
61125 7
61133 6
61151 2
61154 10
61196 4
61206 9
61234 11
61235 2
61240 3
61246 11
61247 1
61251 8
61256 15
61265 5
61272 2
61283 10
61284 27
61314 15
61338 8
61340 6
61350 5
61355 20
61383 8
61420 3
61428 9
61436 10
61448 3
61455 20
61462 2
61465 6
61486 2
61529 12
61530 24
61548 17
61581 2
61596 21
61601 5
61609 28
61611 11
61617 14
61638 18
61642 6
61647 4
61649 3
61650 47
61662 10
61664 2
61689 18
61692 15
61695 5
61700 8
61709 8
61710 7
61711 6
61715 18
61743 31
61768 3
61773 5
61792 6
61802 6
61803 15
61851 32
61852 5
61859 16
61865 6
61867 32
61883 4
61889 4
61913 3
61925 17
61929 29
61939 6
61944 8
61947 27
61951 18
61963 3
61966 15
62012 26
62029 4
62053 19
62062 28
62076 1
62083 2
62104 20
62114 8
62115 9
62124 14
62130 3
62131 1
62136 18
62137 14
62138 11
62143 2
62156 23
62163 3
62164 57
62166 6
62168 1
62170 25
62176 18
62196 2
62203 7
62204 13
62208 1
62210 2
62227 4
62233 10
62251 3
62276 3
62283 7
62288 6
62300 11
62324 8
62326 10
62332 3
62341 2
62352 14
62364 4
62367 20
62373 4
62374 9
62378 4
62382 9
62385 10
62388 4
62394 6
62411 6
62413 6
62416 1
62423 21
62426 12
62451 5
62454 6
62461 16
62489 11
62496 1
62519 10
62534 4
62535 6
62537 1
62543 14
62549 17
62555 2
62598 5
62600 4
62603 7
62605 9
62614 12
62615 11
62627 10
62633 9
62634 7
62680 25
62693 1
62699 2
62708 8
62715 14
62721 1
62729 8
62740 10
62750 6
62781 1
62806 6
62817 2
62832 2
62840 8
62858 8
62882 1
62889 26
62891 1
62916 11
62918 26
62922 13
62925 34
62930 8
62936 17
62960 5
62961 19
62963 2
62967 2
62968 13
62979 14
62981 13
63000 9
63027 2
63061 1
63076 4
63081 5
63082 11
63093 22
63094 1
63100 11
63140 3
63163 3
63165 2
63170 10
63171 5
63178 5
63190 10
63198 9
63199 32
63226 5
63251 10
63258 2
63271 9
63275 22
63279 9
63281 2
63288 33
63294 19
63297 6
63303 4
63307 7
63309 3
63311 18
63314 10
63330 2
63363 1
63379 17
63383 16
63385 3
63412 10
63422 5
63428 6
63436 5
63446 5
63450 3
63456 4
63458 19
63473 6
63491 14
63508 1
63514 11
63517 5
63521 12
63524 28
63542 11
63551 2
63553 1
63564 11
63566 15
63572 1
63581 7
63587 3
63608 18
63617 3
63619 53
63652 7
63660 23
63667 7
63670 4
63671 5
63707 3
63711 5
63712 11
63719 3
63721 17
63739 2
63741 1
63744 1
63748 9
63751 11
63752 1
63757 29
63765 1
63769 20
63782 17
63783 8
63799 5
63801 12
63807 1
63813 11
63815 3
63816 11
63818 20
63855 2
63908 14
63909 2
63919 3
63930 19
63957 2
63961 14
63966 13
63970 2
63972 1
63976 5
63997 4
64010 53
64021 4
64027 11
64061 6
64076 14
64099 5
64107 31
64118 9
64119 1
64120 7
64124 10
64138 41
64140 48
64147 16
64149 7
64160 1
64167 6
64168 14
64169 1
64170 19
64186 12
64191 18
64228 4
64235 5
64237 14
64265 1
64280 19
64287 17
64289 9
64291 5
64301 3
64303 6
64306 4
64308 11
64310 8
64319 26
64323 2
64326 1
64329 12
64343 12
64345 19
64348 7
64350 6
64358 9
64369 6
64374 17
64376 6
64383 3
64384 1
64392 9
64396 13
64407 5
64413 23
64421 3
64431 10
64437 8
64448 4
64457 12
64469 3
64474 14
64508 6
64516 19
64526 8
64529 1
64543 3
64549 24
64553 18
64560 23
64571 8
64587 1
64588 15
64604 9
64622 7
64643 6
64644 5
64664 13
64667 7
64678 3
64682 8
64687 5
64692 11
64705 16
64708 3
64716 35
64748 13
64775 10
64800 5
64811 6
64819 19
64822 3
64824 20
64830 2
64838 15
64850 9
64861 1
64863 11
64867 12
64874 16
64876 20
64879 2
64888 15
64891 1
64896 16
64909 9
64920 1
64922 4
64928 61
64946 17
64951 4
64960 4
64961 3
64976 3
64993 13
65004 27
65020 4
65024 1
65034 13
65038 2
65067 4
65068 5
65076 14
65080 5
65087 7
65088 11
65094 8
65125 5
65133 14
65134 14
65143 15
65158 10
65160 8
65162 8
65171 34
65180 4
65196 16
65201 8
65202 39
65208 12
65231 9
65243 12
65244 1
65250 15
65260 30
65262 10
65280 26
65284 5
65287 1
65306 35
65345 9
65376 4
65378 46
65385 1
65393 16
65395 24
65396 26
65404 14
65408 15
65411 16
65420 3
65434 3
65468 7
65491 1
65523 17
65528 17
65538 4
65544 50
65552 7
65566 17
65586 5
65588 4
65608 1
65610 73
65615 14
65623 11
65644 4
65648 23
65649 2
65653 8
65664 1
65702 17
65709 14
65713 16
65730 3
65731 3
65732 3
65761 4
65767 1
65771 23
65777 8
65781 8
65783 3
65792 7
65802 15
65805 21
65806 19
65818 8
65836 11
65844 5
65873 6
65877 1
65882 4
65916 11
65939 7
65946 34
65957 2
65959 3
65980 34
65990 5
65992 11
65997 27
66004 8
66024 4
66028 9
66030 13
66043 32
66053 6
66085 11
66087 4
66091 2
66113 7
66132 5
66143 6
66168 19
66190 2
66191 12
66192 20
66196 28
66211 8
66218 9
66243 8
66298 12
66305 8
66308 9
66318 21
66320 11
66327 7
66348 4
66359 2
66387 12
66406 24
66420 9
66423 18
66425 2
66427 2
66433 20
66449 6
66461 43
66467 14
66505 2
66510 30
66511 12
66514 15
66523 1
66545 11
66554 9
66560 5
66562 7
66566 11
66574 4
66588 9
66598 6
66608 9
66615 3
66662 3
66664 2
66668 2
66671 1
66673 42
66681 4
66693 2
66696 5
66701 1
66706 6
66711 6
66712 7
66717 3
66723 9
66743 12
66746 4
66748 7
66762 37
66804 3
66807 3
66812 4
66851 23
66855 4
66868 20
66870 1
66874 4
66891 4
66904 4
66908 19
66922 5
66924 6
66930 105
66939 5
66961 18
66969 1
66970 3
66973 1
66975 11
66988 14
66991 2
67022 22
67036 1
67044 2
67048 15
67061 14
67063 7
67071 5
67083 7
67085 4
67088 11
67094 7
67096 45
67101 2
67103 18
67106 1
67108 10
67111 10
67113 1
67120 6
67122 69
67133 17
67134 7
67144 15
67161 1
67166 3
67191 3
67197 13
67220 9
67222 4
67227 12
67237 32
67244 12
67250 15
67266 14
67289 23
67305 7
67342 4
67345 20
67353 6
67373 12
67385 2
67391 12
67396 1
67397 1
67404 25
67414 7
67418 25
67445 11
67447 1
67459 3
67465 8
67513 17
67522 19
67549 6
67591 6
67595 11
67597 9
67599 9
67606 1
67607 2
67629 12
67635 8
67640 3
67652 5
67658 13
67684 3
67692 42
67699 12
67702 2
67726 36
67748 6
67781 5
67790 21
67804 6
67806 7
67819 6
67824 10
67835 2
67836 6
67839 12
67857 3
67859 3
67879 7
67881 35
67885 5
67891 11
67917 22
67925 12
67926 6
67973 33
67978 5
67981 12
67982 3
68022 8
68023 18
68025 4
68032 1
68033 3
68038 5
68045 8
68050 12
68057 5
68070 7
68080 7
68091 8
68095 1
68097 7
68104 14
68124 7
68148 6
68167 8
68173 9
68175 1
68181 3
68204 2
68207 15
68231 2
68232 21
68234 5
68249 4
68256 3
68282 2
68286 2
68295 14
68303 28
68311 2
68315 37
68318 8
68319 5
68324 1
68364 16
68369 12
68380 12
68400 21
68418 19
68419 10
68472 10
68478 5
68496 14
68498 6
68524 8
68536 1
68572 5
68583 12
68584 11
68589 4
68595 21
68597 7
68619 3
68642 3
68643 5
68668 12
68684 29
68698 3
68703 51
68709 11
68722 4
68725 1
68736 1
68738 1
68755 8
68759 1
68770 1
68775 11
68777 10
68787 6
68797 12
68799 12
68801 6
68803 9
68806 10
68812 7
68836 28
68843 2
68849 7
68854 7
68855 8
68865 22
68869 10
68872 7
68887 9
68895 17
68904 7
68914 21
68919 6
68924 4
68941 1
68960 5
68980 14
68986 70
69010 27
69023 5
69026 5
69050 5
69051 1
69078 9
69091 16
69093 3
69096 6
69103 19
69107 23
69120 5
69138 8
69144 8
69155 16
69164 2
69166 5
69172 9
69187 20
69189 20
69198 6
69214 8
69217 28
69219 1
69221 12
69229 18
69230 9
69263 9
69271 11
69273 5
69276 3
69285 1
69315 7
69326 32
69331 32
69344 3
69345 30
69353 38
69358 13
69395 3
69406 4
69419 12
69427 27
69442 4
69462 10
69467 12
69473 26
69509 1
69516 6
69519 23
69529 2
69538 1
69555 11
69558 6
69566 4
69570 12
69571 5
69574 10
69587 3
69590 53
69591 6
69595 11
69606 40
69623 27
69624 1
69626 7
69628 3
69641 14
69642 6
69647 3
69654 9
69659 17
69660 13
69663 6
69664 12
69675 39
69713 12
69714 8
69716 17
69719 5
69726 1
69761 1
69775 2
69788 9
69794 5
69798 2
69810 3
69818 9
69819 20
69821 9
69824 17
69833 14
69834 35
69837 35
69841 12
69876 3
69879 16
69890 2
69911 2
69916 7
69940 1
69974 8
69983 2
70001 2
70006 23
70024 9
70029 6
70057 4
70064 25
70067 6
70096 51
70113 2
70114 3
70118 13
70122 1
70125 12
70151 8
70156 53
70161 24
70162 1
70169 42
70182 2
70187 11
70206 9
70218 1
70230 17
70231 15
70248 14
70257 21
70270 2
70283 16
70295 3
70301 23
70306 2
70308 22
70310 31
70312 8
70321 6
70330 4
70338 18
70341 1
70347 22
70367 12
70382 23
70387 2
70388 4
70389 9
70390 4
70393 7
70413 25
70421 5
70426 3
70438 9
70445 16
70459 7
70470 17
70493 7
70512 3
70543 7
70552 3
70553 10
70555 10
70561 11
70567 4
70570 8
70573 11
70576 14
70606 8
70614 8
70631 8
70645 5
70663 8
70669 26
70682 3
70684 25
70697 1
70709 17
70714 5
70719 4
70720 3
70728 6
70778 4
70781 7
70788 4
70800 3
70811 17
70819 13
70821 36
70824 3
70833 4
70835 12
70853 15
70877 11
70883 1
70893 3
70907 1
70909 30
70921 49
70938 11
70942 16
70976 13
70979 5
70981 12
70983 11
70986 27
70987 28
70991 19
70992 5
71028 4
71059 23
71067 9
71070 3
71102 38
71110 11
71113 8
71117 27
71134 17
71190 1
71193 4
71197 4
71203 6
71204 9
71206 22
71208 25
71217 20
71234 4
71247 5
71281 11
71283 18
71290 18
71291 7
71304 5
71315 2
71317 10
71345 51
71378 11
71425 3
71440 28
71446 1
71448 22
71459 7
71460 5
71466 4
71469 3
71471 7
71480 6
71490 7
71504 1
71521 15
71536 6
71550 1
71564 4
71570 11
71593 5
71607 5
71609 25
71616 10
71622 37
71641 7
71649 11
71663 21
71666 7
71703 8
71736 24
71737 10
71749 3
71752 2
71761 31
71763 6
71765 19
71768 31
71781 4
71784 16
71785 11
71786 2
71787 7
71794 20
71805 4
71806 2
71818 4
71840 1
71852 4
71854 19
71873 41
71880 12
71886 30
71892 5
71910 10
71920 2
71971 29
71988 5
72006 15
72017 10
72029 6
72037 2
72059 4
72070 22
72073 19
72089 4
72092 10
72099 4
72102 30
72110 3
72112 17
72123 23
72131 9
72135 14
72139 7
72145 5
72146 5
72158 7
72167 1
72187 8
72206 20
72207 12
72209 10
72221 5
72226 9
72241 17
72248 10
72255 5
72257 9
72258 1
72262 1
72266 1
72282 1
72290 8
72298 5
72303 15
72312 1
72325 7
72344 5
72369 5
72370 18
72398 13
72400 2
72434 11
72439 4
72441 14
72444 1
72446 1
72448 1
72452 30
72473 12
72476 4
72480 8
72492 4
72505 26
72520 7
72529 1
72532 39
72534 6
72538 37
72545 7
72561 1
72575 8
72590 3
72596 11
72611 4
72622 5
72627 9
72640 8
72649 17
72656 13
72658 4
72661 17
72670 18
72698 19
72712 3
72718 5
72751 1
72766 1
72774 2
72784 3
72792 6
72797 1
72799 8
72801 1
72803 4
72808 8
72815 7
72843 4
72850 16
72855 5
72863 8
72874 8
72877 2
72887 1
72890 7
72901 7
72910 39
72919 11
72924 18
72925 11
72931 1
72937 13
72960 6
72964 5
72982 1
72993 10
73007 5
73016 4
73029 6
73038 14
73052 7
73076 16
73080 14
73112 12
73113 19
73135 5
73157 3
73188 26
73189 2
73202 5
73223 36
73224 1
73237 1
73248 3
73257 5
73266 2
73271 14
73278 5
73288 7
73318 7
73323 3
73325 1
73330 5
73338 10
73343 2
73351 9
73356 5
73358 3
73359 5
73364 5
73392 3
73394 18
73434 4
73459 11
73462 15
73463 16
73464 7
73465 16
73483 10
73488 17
73494 16
73516 16
73524 3
73526 5
73529 6
73544 13
73551 10
73555 10
73559 1
73619 9
73635 19
73638 12
73639 10
73640 2
73649 18
73678 10
73689 3
73711 9
73712 4
73713 17
73723 9
73751 3
73780 2
73796 11
73809 11
73813 20
73826 26
73835 10
73836 6
73846 6
73880 22
73898 6
73902 37
73917 10
73921 2
73934 35
73952 1
73958 7
73974 1
73983 12
73985 26
73991 12
73996 3
74019 3
74021 7
74024 33
74027 12
74035 33
74043 8
74047 58
74049 14
74059 1
74060 30
74068 7
74069 6
74078 1
74116 5
74154 1
74155 2
74162 7
74189 6
74192 20
74194 17
74241 5
74251 4
74304 8
74315 2
74359 2
74372 8
74373 12
74403 10
74424 8
74434 8
74440 11
74442 7
74457 10
74459 10
74460 3
74475 17
74477 13
74489 28
74505 13
74554 41
74565 6
74569 14
74593 3
74609 3
74613 4
74615 23
74616 3
74633 1
74634 4
74637 21
74644 9
74649 2
74662 9
74700 1
74706 35
74715 1
74734 6
74746 5
74755 9
74785 4
74791 9
74798 2
74805 6
74820 1
74822 8
74833 21
74857 13
74863 7
74864 9
74866 33
74880 12
74881 2
74916 24
74934 10
74937 7
74951 8
74962 1
74973 15
74984 31
74987 8
74991 29
75024 14
75031 1
75037 9
75041 3
75048 17
75050 6
75058 7
75065 1
75070 3
75072 1
75085 25
75087 9
75089 12
75099 11
75107 31
75113 12
75125 3
75127 9
75156 5
75162 1
75166 7
75168 6
75182 2
75215 1
75230 4
75242 4
75244 7
75249 8
75263 8
75268 4
75281 1
75285 6
75291 7
75308 7
75322 2
75323 3
75325 8
75327 7
75339 12
75340 19
75346 12
75351 26
75358 11
75387 10
75399 8
75411 7
75431 4
75435 9
75439 19
75443 1
75445 1
75462 6
75463 13
75473 16
75482 28
75490 44
75506 14
75513 7
75517 13
75520 27
75525 14
75545 10
75564 1
75567 3
75569 22
75578 5
75579 3
75583 1
75588 37
75591 3
75619 5
75630 3
75631 2
75632 1
75639 13
75643 12
75649 8
75653 17
75677 7
75679 12
75681 14
75722 9
75731 1
75732 4
75750 11
75754 9
75757 5
75772 34
75789 3
75794 4
75796 32
75799 1
75809 28
75816 4
75826 2
75828 10
75863 18
75872 3
75876 2
75890 16
75891 34
75894 5
75898 11
75908 10
75909 35
75920 4
75925 41
75930 2
75932 44
75933 7
75936 17
75937 4
75939 2
75962 1
75969 11
75970 5
75983 4
75993 5
76031 3
76045 17
76047 5
76061 8
76062 2
76075 3
76077 9
76079 9
76086 9
76103 11
76133 2
76135 1
76147 15
76153 28
76157 2
76159 6
76163 4
76176 17
76190 28
76198 13
76202 11
76208 11
76234 10
76237 1
76242 1
76263 20
76265 1
76268 1
76286 8
76289 8
76291 25
76301 7
76317 2
76331 2
76342 20
76362 1
76379 3
76385 27
76404 2
76405 65
76425 3
76463 7
76464 3
76467 50
76479 4
76490 7
76511 4
76523 16
76535 5
76539 14
76544 15
76570 12
76574 7
76591 2
76605 1
76615 2
76643 8
76651 6
76666 9
76682 7
76689 8
76733 6
76750 2
76762 10
76770 10
76791 6
76802 5
76841 1
76844 28
76862 45
76865 4
76867 5
76878 5
76881 58
76882 5
76887 5
76888 31
76892 3
76908 3
76911 7
76914 26
76915 3
76916 15
76920 3
76956 5
76967 7
77010 9
77021 22
77023 25
77032 13
77053 8
77060 9
77061 18
77063 36
77080 10
77082 8
77084 6
77144 8
77150 3
77172 1
77175 9
77176 1
77193 21
77202 8
77206 4
77207 2
77217 3
77220 4
77222 20
77230 20
77248 5
77263 7
77277 1
77281 2
77287 5
77293 2
77305 17
77306 4
77311 6
77332 3
77345 3
77347 4
77352 49
77354 15
77372 30
77380 5
77404 2
77405 2
77408 17
77412 1
77429 4
77436 2
77456 2
77462 7
77489 1
77501 4
77504 5
77513 12
77521 15
77528 6
77539 4
77545 3
77548 7
77555 9
77565 28
77575 8
77583 2
77590 10
77603 2
77607 4
77631 4
77638 6
77640 1
77658 2
77660 7
77676 14
77677 11
77683 20
77686 2
77712 11
77720 20
77728 17
77729 14
77733 34
77744 9
77756 9
77761 4
77765 20
77777 8
77790 22
77796 2
77808 4
77821 2
77823 5
77825 16
77835 6
77873 10
77876 3
77883 3
77889 9
77893 12
77901 13
77911 4
77924 7
77936 4
77965 8
77989 8
78021 50
78023 10
78053 5
78060 4
78075 26
78087 16
78099 1
78117 8
78119 8
78125 3
78167 4
78172 7
78174 23
78192 1
78210 5
78235 2
78255 1
78271 3
78286 6
78318 4
78320 1
78349 3
78354 4
78368 1
78369 27
78382 8
78408 1
78409 8
78415 12
78417 3
78441 7
78453 18
78459 19
78468 6
78475 1
78488 6
78514 6
78528 5
78532 13
78534 10
78536 2
78545 15
78546 17
78569 2
78570 2
78592 18
78602 12
78615 4
78620 24
78630 12
78641 2
78642 12
78650 8
78664 2
78672 7
78674 19
78685 12
78695 8
78696 3
78701 3
78726 8
78741 2
78765 4
78772 1
78781 17
78796 4
78802 4
78805 5
78807 35
78809 23
78839 4
78850 9
78873 7
78875 14
78883 1
78896 16
78904 12
78916 7
78930 4
78938 15
78955 32
78957 4
78973 4
78977 3
78995 25
79003 51
79011 8
79030 4
79032 17
79038 5
79046 9
79049 21
79105 1
79107 17
79123 1
79126 6
79144 6
79145 2
79157 13
79159 9
79164 4
79168 1
79173 6
79195 23
79206 4
79211 15
79212 11
79213 9
79214 6
79249 1
79250 6
79259 13
79300 1
79314 2
79317 16
79325 9
79337 9
79358 42
79371 9
79372 4
79377 4
79384 8
79392 31
79396 12
79410 4
79414 6
79434 12
79460 8
79476 2
79483 3
79501 7
79514 1
79517 10
79540 1
79543 2
79555 15
79569 4
79579 20
79581 11
79583 3
79586 7
79593 1
79595 9
79614 6
79641 5
79655 3
79668 21
79691 8
79693 1
79708 7
79717 4
79727 13
79733 26
79739 12
79749 2
79759 2
79760 1
79764 22
79773 2
79774 2
79796 27
79814 6
79828 2
79838 1
79840 3
79872 15
79885 5
79886 3
79904 2
79916 8
79920 11
79923 1
79938 4
79943 3
79945 28
79947 50
79985 11
79986 8
79989 18
79992 2
80004 4
80006 3
80026 8
80039 6
80042 16
80047 1
80050 1
80058 2
80061 14
80081 16
80086 10
80100 3
80170 2
80174 16
80175 7
80196 11
80212 2
80257 15
80258 16
80260 12
80271 4
80289 33
80293 5
80310 12
80325 30
80326 20
80349 5
80351 10
80352 20
80358 9
80360 5
80362 3
80368 4
80377 8
80388 18
80398 4
80400 10
80412 15
80423 13
80438 17
80445 12
80449 3
80451 3
80467 7
80472 26
80474 8
80475 9
80501 11
80508 1
80517 32
80526 7
80529 46
80531 2
80534 23
80543 9
80570 7
80572 3
80601 14
80604 16
80607 3
80608 14
80609 8
80626 20
80654 20
80665 1
80675 3
80687 5
80713 12
80730 4
80745 9
80749 4
80762 1
80769 7
80772 1
80773 1
80785 3
80807 4
80809 24
80811 12
80813 21
80829 4
80848 8
80856 1
80860 6
80869 3
80871 5
80894 16
80898 9
80902 18
80909 2
80931 4
80933 13
80939 29
80954 10
80992 2
80995 1
80996 2
81006 6
81017 10
81030 20
81042 3
81045 8
81055 6
81060 6
81073 2
81085 16
81100 4
81108 3
81115 5
81128 9
81134 9
81138 1
81148 7
81149 19
81156 1
81170 25
81202 19
81207 2
81211 9
81221 1
81224 3
81227 2
81229 33
81230 6
81254 7
81283 2
81300 23
81301 5
81313 40
81321 4
81324 7
81367 18
81368 10
81382 67
81389 9
81390 35
81399 31
81414 10
81432 1
81433 2
81441 5
81449 18
81456 10
81462 11
81464 3
81466 13
81475 17
81476 26
81478 4
81481 6
81484 11
81487 6
81494 1
81533 37
81543 22
81544 1
81558 2
81560 17
81569 41
81575 6
81607 1
81611 3
81615 4
81641 36
81653 37
81686 16
81688 2
81703 1
81722 3
81724 17
81728 3
81729 18
81752 11
81755 15
81767 4
81768 7
81779 16
81795 16
81801 6
81810 9
81833 8
81844 4
81855 3
81871 4
81887 13
81889 4
81914 21
81925 9
81936 25
81951 61
81957 10
81990 26
82000 5
82003 27
82005 11
82017 3
82026 1
82040 7
82057 3
82062 17
82071 20
82072 6
82074 9
82079 6
82088 5
82089 9
82092 9
82125 1
82138 4
82144 21
82169 18
82175 2
82223 1
82227 5
82239 4
82244 8
82247 7
82248 22
82272 3
82296 3
82303 1
82304 15
82310 9
82311 6
82326 18
82334 38
82346 3
82370 7
82371 1
82376 2
82403 17
82428 9
82439 10
82445 15
82453 1
82454 18
82463 25
82474 27
82486 4
82489 2
82499 14
82504 13
82521 16
82526 9
82529 16
82534 17
82537 3
82564 4
82573 11
82606 33
82608 26
82626 10
82630 19
82655 17
82659 19
82664 7
82666 4
82672 7
82678 6
82684 13
82686 11
82692 32
82694 1
82702 19
82724 9
82728 2
82738 3
82753 7
82780 8
82781 3
82795 20
82820 14
82823 3
82832 6
82837 3
82838 2
82843 2
82849 2
82860 12
82876 4
82884 3
82899 12
82905 5
82909 8
82912 10
82915 1
82918 16
82931 11
82953 21
82956 11
82961 42
82963 1
82978 2
82979 2
83012 26
83022 2
83040 7
83043 4
83059 10
83071 22
83072 19
83086 5
83100 19
83113 16
83139 3
83159 2
83171 33
83180 22
83201 14
83230 4
83239 2
83244 8
83248 10
83252 2
83275 10
83280 2
83282 3
83292 16
83323 2
83342 7
83367 14
83382 4
83403 62
83411 11
83415 5
83427 4
83434 7
83441 17
83456 10
83500 6
83515 10
83522 1
83525 9
83530 18
83539 15
83546 2
83562 19
83574 4
83612 3
83628 36
83634 5
83641 13
83649 8
83660 1
83680 8
83697 10
83708 3
83713 2
83749 3
83756 3
83796 9
83807 12
83815 4
83822 18
83826 7
83857 6
83862 4
83863 9
83877 1
83885 11
83898 24
83917 1
83922 9
83934 22
83948 21
83951 7
83972 1
83973 3
83992 17
84011 2
84024 2
84040 9
84042 5
84045 1
84064 1
84081 2
84092 4
84105 5
84107 16
84112 20
84130 29
84131 5
84132 2
84138 5
84149 2
84156 1
84159 8
84161 4
84167 16
84173 2
84175 10
84182 6
84184 36
84195 9
84198 4
84207 18
84208 1
84221 19
84247 10
84249 13
84258 11
84268 51
84301 23
84304 8
84308 7
84310 13
84326 1
84332 1
84333 7
84338 15
84339 12
84357 11
84384 15
84386 1
84401 14
84416 5
84426 7
84443 14
84472 8
84478 5
84482 17
84493 38
84496 8
84500 1
84503 9
84511 6
84518 12
84532 2
84550 11
84551 10
84562 23
84602 5
84621 7
84623 22
84626 4
84628 1
84629 10
84640 3
84667 4
84668 26
84674 4
84686 21
84691 3
84704 4
84741 11
84758 8
84762 3
84764 2
84774 14
84784 4
84799 6
84801 8
84810 11
84828 1
84836 4
84880 7
84902 21
84905 28
84917 8
84929 12
84946 4
84950 7
84986 6
84997 13
85001 2
85005 6
85013 3
85014 7
85017 39
85018 5
85024 13
85027 22
85029 2
85035 9
85061 2
85065 5
85072 12
85075 3
85077 5
85080 50
85088 4
85090 27
85093 5
85097 18
85110 1
85115 13
85120 1
85136 19
85212 27
85220 9
85231 12
85232 9
85236 3
85245 2
85266 2
85285 18
85297 17
85298 3
85302 5
85309 3
85319 1
85322 2
85328 6
85340 10
85341 2
85342 5
85345 11
85355 10
85366 12
85395 5
85397 4
85415 3
85425 3
85429 3
85433 2
85437 9
85442 3
85463 19
85466 23
85468 23
85517 1
85519 12
85529 9
85531 6
85534 14
85576 8
85585 3
85612 3
85635 14
85664 8
85690 20
85725 5
85727 16
85733 7
85735 1
85739 1
85742 14
85749 18
85750 16
85754 4
85784 3
85786 3
85789 7
85793 19
85795 6
85806 14
85814 43
85819 34
85826 9
85828 7
85842 15
85853 12
85876 36
85878 7
85886 15
85891 11
85896 6
85908 3
85910 16
85914 14
85916 3
85930 5
85968 3
85969 7
85973 7
85974 8
85995 13
86010 8
86017 24
86036 10
86037 5
86069 27
86089 10
86111 23
86114 16
86118 5
86122 17
86133 1
86159 2
86161 22
86173 1
86175 2
86196 2
86214 3
86219 2
86229 1
86247 3
86249 20
86263 9
86282 15
86290 17
86295 36
86311 3
86312 5
86314 10
86321 1
86339 8
86361 20
86373 3
86377 3
86379 12
86392 20
86403 2
86410 11
86415 6
86427 1
86430 1
86456 25
86469 10
86470 23
86474 4
86488 20
86503 3
86505 12
86513 21
86514 2
86532 63
86552 6
86553 12
86556 23
86559 5
86593 6
86606 7
86608 8
86616 6
86619 11
86620 4
86622 29
86628 7
86629 10
86631 6
86639 21
86662 15
86691 5
86695 5
86701 15
86713 6
86714 21
86719 12
86724 10
86753 2
86757 1
86768 9
86774 15
86777 13
86807 3
86810 5
86814 18
86824 5
86825 2
86837 4
86841 1
86858 6
86863 5
86871 3
86888 56
86890 12
86893 45
86895 15
86897 2
86914 4
86918 5
86925 11
86938 16
86955 30
86959 12
86960 5
86964 7
86984 4
86985 4
86997 12
87020 28
87021 16
87028 17
87035 2
87043 1
87051 4
87060 13
87104 8
87105 13
87142 5
87155 3
87162 18
87174 2
87200 12
87230 23
87236 6
87246 24
87248 11
87254 23
87255 4
87258 4
87263 1
87268 1
87270 4
87272 9
87279 18
87285 3
87302 6
87310 2
87352 9
87380 9
87384 4
87393 3
87396 25
87399 13
87400 6
87403 1
87416 3
87425 5
87434 14
87476 9
87477 1
87483 26
87486 1
87487 13
87505 31
87509 9
87513 13
87521 4
87526 22
87533 6
87538 2
87572 2
87582 8
87590 14
87594 3
87599 4
87612 2
87642 7
87645 6
87648 3
87653 1
87670 16
87687 3
87702 4
87715 2
87721 2
87729 12
87733 5
87743 10
87749 20
87757 3
87766 33
87777 19
87788 3
87816 7
87819 5
87832 5
87839 3
87847 2
87853 14
87858 6
87865 6
87874 6
87876 23
87878 25
87891 14
87893 3
87897 4
87902 13
87909 32
87913 6
87915 16
87956 8
87957 3
87961 9
87974 8
87988 4
87991 24
88000 12
88018 1
88024 2
88026 1
88028 1
88029 9
88063 2
88081 6
88088 5
88099 12
88105 4
88110 1
88111 17
88136 2
88144 3
88171 8
88177 12
88178 16
88182 14
88207 9
88216 14
88224 32
88225 5
88240 31
88243 4
88247 15
88251 2
88252 2
88267 6
88272 19
88293 5
88294 13
88295 4
88297 3
88298 2
88311 20
88334 17
88336 4
88346 5
88373 2
88374 8
88377 2
88387 4
88389 13
88392 14
88406 14
88416 4
88417 3
88426 3
88441 1
88445 18
88449 3
88459 7
88460 11
88477 1
88482 7
88499 4
88503 14
88521 32
88537 11
88551 8
88573 6
88579 4
88585 22
88590 16
88592 3
88601 4
88604 5
88617 3
88618 3
88660 15
88670 10
88676 19
88686 18
88717 16
88722 7
88724 9
88733 5
88736 11
88742 14
88756 12
88763 8
88774 17
88784 6
88814 9
88823 4
88849 4
88850 1
88851 3
88905 6
88918 10
88929 7
88944 22
88951 7
88963 5
88970 2
88972 7
88976 7
89000 3
89001 2
89006 16
89018 9
89024 3
89046 3
89048 11
89073 2
89076 8
89086 2
89089 6
89093 15
89104 6
89109 4
89119 16
89128 5
89130 2
89131 3
89141 2
89196 1
89205 7
89220 1
89227 1
89231 12
89235 4
89237 2
89238 2
89244 3
89261 3
89288 13
89297 18
89298 6
89300 43
89310 12
89314 7
89326 4
89332 10
89356 13
89358 3
89359 4
89361 15
89363 13
89366 16
89378 1
89415 26
89416 1
89418 20
89422 2
89437 1
89439 27
89442 12
89454 16
89455 5
89456 29
89473 15
89476 5
89486 1
89488 11
89494 12
89497 32
89504 4
89505 3
89511 2
89527 16
89584 8
89587 16
89597 15
89605 10
89606 19
89616 27
89635 4
89637 2
89650 9
89658 22
89660 18
89663 3
89682 15
89701 10
89707 6
89727 13
89730 17
89758 2
89798 10
89802 12
89803 4
89804 9
89816 6
89817 29
89829 48
89846 4
89851 14
89853 10
89865 4
89878 8
89898 4
89905 27
89930 8
89939 7
89941 12
89962 3
89967 9
89979 3
89984 7
90012 24
90017 9
90023 3
90057 15
90062 1
90070 12
90079 1
90097 2
90103 29
90109 15
90130 14
90147 5
90150 18
90152 4
90164 43
90169 1
90176 6
90192 18
90205 17
90221 1
90231 16
90262 3
90302 2
90305 17
90325 23
90333 4
90341 12
90344 4
90350 3
90354 18
90355 2
90378 33
90399 4
90401 4
90404 8
90405 5
90408 24
90417 9
90437 2
90440 1
90458 17
90463 21
90469 17
90505 3
90519 3
90526 4
90537 31
90540 17
90563 11
90582 2
90589 8
90602 18
90607 3
90613 7
90618 6
90623 23
90630 10
90663 26
90673 6
90685 1
90688 6
90695 11
90709 6
90711 1
90717 1
90753 17
90763 21
90807 27
90821 20
90853 9
90864 2
90891 4
90904 4
90910 2
90940 13
90942 16
90952 5
90962 1
90973 18
90980 3
90994 1
91021 1
91024 9
91031 28
91040 10
91044 15
91056 3
91066 4
91071 2
91072 2
91081 9
91085 3
91102 1
91105 1
91127 1
91170 16
91204 5
91210 53
91215 23
91217 1
91231 4
91236 1
91241 20
91248 10
91256 13
91265 3
91268 3
91278 1
91285 1
91287 1
91324 5
91329 3
91334 1
91346 9
91347 7
91392 9
91396 2
91406 1
91459 3
91468 12
91477 4
91479 2
91483 11
91505 2
91565 4
91573 4
91580 13
91581 3
91586 1
91603 5
91606 5
91614 7
91617 9
91621 5
91626 27
91636 4
91657 11
91660 11
91675 8
91683 15
91685 29
91687 2
91696 1
91702 3
91715 2
91724 4
91739 24
91748 16
91750 7
91762 6
91773 2
91774 5
91776 4
91788 1
91802 4
91806 5
91825 15
91828 18
91829 7
91833 14
91840 11
91851 12
91859 2
91886 10
91900 2
91917 13
91923 6
91929 5
91941 23
91961 6
91967 4
91974 15
91984 4
91991 20
92008 13
92014 4
92019 2
92023 10
92048 12
92050 14
92067 2
92090 12
92106 5
92115 16
92117 1
92123 25
92124 7
92127 4
92137 6
92140 3
92141 1
92145 10
92153 11
92157 16
92165 3
92172 10
92177 11
92182 53
92212 1
92224 14
92229 11
92235 16
92268 33
92270 23
92271 2
92300 2
92308 5
92310 11
92312 21
92315 1
92326 1
92342 3
92382 9
92394 8
92401 7
92422 17
92428 28
92436 24
92437 1
92460 12
92488 11
92494 13
92503 4
92510 3
92513 20
92516 3
92531 9
92532 4
92538 1
92549 19
92556 22
92600 8
92604 28
92627 2
92641 8
92643 2
92644 31
92655 23
92656 15
92657 8
92664 25
92671 5
92677 13
92700 6
92706 15
92709 1
92727 12
92738 5
92771 12
92780 14
92787 16
92789 46
92798 3
92814 2
92832 3
92837 3
92839 9
92841 15
92846 1
92848 13
92862 8
92883 53
92890 13
92916 18
92926 3
92928 11
92935 4
92973 1
92981 7
93000 4
93006 19
93012 4
93016 1
93023 3
93067 9
93073 4
93074 4
93075 15
93083 2
93094 1
93098 6
93103 1
93117 6
93131 6
93147 6
93149 21
93151 6
93182 12
93184 7
93189 12
93200 4
93208 2
93224 5
93235 18
93269 6
93270 8
93271 21
93285 9
93287 26
93289 4
93290 1
93292 24
93296 9
93298 17
93301 7
93305 1
93306 8
93313 13
93317 4
93328 15
93340 2
93347 14
93350 4
93353 1
93358 16
93373 14
93381 17
93389 13
93391 1
93432 5
93455 7
93458 2
93467 46
93474 3
93482 8
93491 3
93508 29
93516 2
93531 2
93557 6
93565 2
93568 2
93570 32
93575 4
93581 3
93599 2
93618 3
93621 17
93622 36
93628 18
93634 10
93640 9
93648 15
93714 6
93729 5
93742 27
93751 13
93766 10
93792 1
93826 3
93828 16
93832 1
93833 2
93844 4
93851 4
93855 3
93875 4
93876 28
93889 1
93893 4
93900 9
93906 11
93911 11
93920 1
93927 3
93935 1
93940 17
93947 1
93956 2
93958 26
93963 24
93975 11
93983 1
93990 1
93992 4
94001 27
94016 14
94024 2
94045 10
94098 3
94100 25
94105 37
94107 4
94122 6
94124 5
94128 13
94145 17
94149 4
94152 5
94157 1
94189 9
94212 7
94220 7
94234 6
94236 6
94238 3
94241 3
94242 25
94251 40
94278 18
94293 4
94299 3
94300 3
94342 27
94344 1
94349 7
94361 6
94377 13
94379 12
94391 3
94394 6
94399 3
94406 14
94421 11
94432 7
94451 6
94458 6
94483 18
94488 9
94495 4
94499 7
94504 9
94517 6
94520 4
94521 10
94536 8
94540 15
94541 2
94550 8
94553 10
94563 9
94567 10
94569 37
94579 2
94588 8
94595 3
94603 6
94612 10
94622 2
94633 28
94646 7
94660 9
94672 15
94673 17
94693 7
94697 4
94698 21
94699 8
94717 7
94722 1
94733 39
94743 15
94750 5
94766 6
94782 4
94787 12
94790 14
94805 5
94810 25
94811 4
94814 3
94832 2
94841 16
94843 1
94865 2
94888 10
94889 2
94898 4
94907 41
94923 9
94925 18
94926 6
94932 10
94945 12
94958 2
94960 10
94994 49
95010 3
95014 8
95026 11
95036 1
95044 3
95058 1
95071 2
95079 3
95083 6
95086 12
95122 2
95126 2
95161 1
95167 8
95192 21
95214 12
95218 1
95240 28
95254 4
95270 26
95285 13
95292 6
95306 13
95316 9
95326 12
95363 9
95376 6
95394 3
95398 2
95445 6
95446 17
95455 13
95463 11
95464 1
95465 2
95466 1
95491 11
95499 4
95507 5
95518 2
95523 17
95528 6
95529 4
95539 10
95544 3
95554 20
95565 20
95587 36
95597 7
95605 30
95608 4
95609 1
95623 1
95627 11
95633 2
95641 2
95646 10
95647 10
95663 10
95684 10
95692 19
95715 13
95718 9
95722 26
95732 5
95742 4
95743 19
95746 12
95752 3
95789 4
95794 9
95808 4
95816 16
95825 1
95828 9
95833 9
95844 5
95855 1
95861 3
95869 15
95872 35
95883 11
95886 22
95892 17
95916 12
95944 17
95947 13
95957 2
95966 19
95985 2
95990 17
95991 17
95993 15
95996 3
95997 33
96003 5
96006 14
96010 9
96044 2
96051 34
96074 3
96092 14
96099 20
96106 9
96109 1
96114 3
96131 1
96173 19
96203 20
96228 15
96230 23
96238 18
96251 18
96259 1
96291 2
96309 13
96310 2
96311 14
96318 7
96333 33
96366 3
96375 9
96382 5
96386 14
96389 19
96395 16
96402 40
96433 12
96451 32
96457 16
96473 7
96474 1
96497 6
96527 26
96542 20
96553 2
96565 1
96584 8
96586 12
96589 18
96602 12
96608 3
96614 3
96615 5
96661 18
96662 8
96674 2
96676 11
96691 4
96720 9
96726 15
96730 10
96735 11
96751 12
96753 19
96754 4
96776 8
96782 5
96793 3
96814 10
96835 13
96844 1
96848 3
96854 25
96871 2
96883 4
96894 8
96908 15
96920 4
96923 1
96930 7
96953 3
96972 1
96975 22
96979 7
96985 6
96988 16
96995 6
97015 17
97022 8
97027 16
97033 27
97034 3
97043 47
97058 15
97060 7
97071 15
97075 10
97099 31
97127 7
97145 7
97150 17
97175 8
97182 2
97184 7
97195 10
97203 2
97208 6
97217 19
97235 17
97249 7
97258 2
97267 2
97270 5
97287 1
97297 8
97311 34
97320 10
97321 10
97364 14
97378 2
97380 7
97383 10
97391 15
97392 6
97424 3
97450 9
97460 5
97464 16
97468 16
97489 8
97495 5
97502 18
97531 13
97538 10
97571 9
97576 8
97613 3
97619 10
97631 1
97636 5
97681 1
97689 34
97693 4
97704 15
97711 26
97723 2
97750 25
97753 9
97757 1
97762 5
97774 5
97791 9
97813 10
97822 1
97823 1
97844 18
97855 1
97859 12
97873 1
97881 11
97886 3
97958 6
97964 6
97969 8
97974 19
97978 13
97983 9
97990 2
97998 4
98003 4
98007 4
98015 2
98041 6
98057 1
98066 5
98077 7
98147 2
98167 17
98171 4
98173 4
98193 32
98198 17
98203 22
98207 2
98208 16
98251 3
98287 1
98306 8
98324 13
98327 14
98333 6
98339 20
98353 8
98364 11
98371 3
98377 1
98379 9
98395 13
98411 16
98413 7
98414 3
98422 22
98426 11
98444 2
98458 7
98474 14
98480 11
98492 8
98493 7
98494 1
98500 12
98509 5
98520 8
98529 26
98533 1
98546 7
98548 21
98550 17
98557 16
98567 3
98572 1
98580 15
98585 10
98586 6
98607 25
98624 3
98638 2
98653 11
98658 7
98698 13
98738 9
98747 2
98750 12
98759 1
98768 27
98769 1
98780 11
98784 1
98786 3
98811 11
98812 29
98815 14
98829 7
98862 14
98868 17
98871 34
98889 8
98891 15
98903 14
98928 12
98937 7
98972 18
98973 7
98974 4
98999 3
99002 4
99011 19
99023 8
99027 4
99032 1
99040 10
99043 13
99064 3
99066 9
99067 4
99075 15
99077 2
99088 34
99105 13
99106 1
99121 7
99138 8
99141 3
99145 23
99167 20
99169 17
99173 14
99175 6
99178 3
99203 15
99212 8
99217 1
99226 1
99227 11
99231 6
99244 14
99248 2
99255 29
99273 15
99282 2
99294 25
99298 5
99305 7
99315 13
99324 25
99328 21
99340 10
99341 1
99346 1
99352 24
99360 2
99392 1
99401 1
99402 7
99403 8
99405 28
99406 7
99424 23
99427 24
99428 6
99440 3
99466 14
99493 15
99503 9
99521 8
99522 11
99523 2
99530 3
99531 3
99536 4
99546 1
99568 6
99572 2
99586 12
99634 58
99643 24
99654 7
99659 12
99666 18
99668 22
99717 3
99733 8
99766 25
99783 6
99814 25
99827 15
99840 18
99858 5
99861 10
99876 7
99900 7
99915 12
99930 7
99932 3
99950 6
99953 9
99960 23
99978 3
100001 1
100029 3
100030 15
100035 2
100044 12
100045 4
100061 10
100072 6
100076 7
100082 2
100091 12
100100 5
100102 19
100103 17
100111 6
100114 4
100123 2
100142 11
100147 3
100154 6
100160 6
100163 10
100184 9
100195 3
100216 5
100254 7
100287 4
100299 2
100340 7
100363 2
100378 6
100392 5
100413 28
100418 8
100419 3
100425 15
100448 45
100451 15
100460 4
100474 36
100480 1
100488 20
100498 9
100499 2
100502 4
100540 7
100562 1
100600 10
100607 15
100618 4
100637 29
100641 4
100650 16
100653 13
100657 10
100662 7
100668 10
100672 1
100675 19
100708 2
100717 8
100736 18
100742 1
100774 17
100782 8
100790 15
100794 2
100818 2
100823 1
100843 5
100855 9
100861 35
100865 4
100884 5
100885 4
100886 30
100890 5
100897 3
100910 6
100918 20
100920 3
100928 1
100934 1
100952 10
100958 2
100970 31
100980 9
100997 19
101003 3
101020 3
101028 6
101037 19
101050 25
101086 7
101133 4
101140 29
101147 2
101175 1
101183 26
101217 6
101218 24
101224 3
101228 23
101247 7
101283 2
101291 13
101293 16
101302 4
101321 30
101333 2
101338 4
101366 4
101381 14
101390 12
101395 4
101408 7
101412 1
101431 8
101488 2
101489 9
101490 7
101500 10
101501 16
101511 14
101523 1
101532 5
101533 16
101550 34
101562 10
101565 5
101569 1
101572 1
101579 1
101593 2
101604 12
101605 11
101613 11
101635 5
101652 1
101655 4
101657 7
101660 10
101663 6
101672 5
101675 13
101676 1
101693 2
101715 12
101731 3
101742 2
101747 5
101749 1
101754 11
101762 3
101763 1
101770 5
101781 3
101800 12
101811 10
101812 1
101821 7
101835 10
101841 12
101848 13
101865 2
101868 9
101883 1
101891 4
101894 19
101899 7
101914 8
101928 19
101929 1
101940 9
101950 15
101979 3
101997 7
102005 1
102031 7
102040 3
102055 2
102063 3
102069 29
102073 1
102124 2
102134 6
102137 10
102141 2
102154 1
102159 39
102169 16
102172 9
102176 8
102178 18
102181 1
102184 9
102202 11
102205 4
102211 2
102223 5
102224 14
102227 2
102235 47
102253 1
102266 1
102276 3
102277 3
102295 1
102301 10
102315 1
102326 1
102331 4
102333 2
102334 5
102335 10
102349 25
102354 20
102364 6
102389 3
102391 4
102405 12
102414 10
102438 9
102441 29
102488 17
102490 3
102494 7
102523 15
102542 10
102548 4
102549 9
102571 41
102578 2
102589 5
102594 9
102616 5
102618 5
102638 7
102644 1
102646 4
102663 9
102670 26
102679 9
102684 5
102693 2
102707 9
102717 21
102727 3
102743 24
102750 14
102764 3
102767 10
102769 2
102783 5
102806 12
102807 7
102813 18
102821 6
102822 36
102839 1
102841 16
102847 18
102873 20
102881 24
102888 1
102889 5
102909 9
102911 3
102916 6
102936 38
102938 5
102953 21
102965 2
102977 3
102998 7
103001 2
103014 3
103019 6
103022 25
103049 21
103053 11
103063 5
103066 12
103069 7
103073 2
103078 9
103092 1
